1	0.0
2	2.0
3	5.0
4	9.0
5	14.0
6	20.0
7	27.0
8	35.0
9	44.0
10	54.0
11	65.0
12	77.0
13	90.0
14	104.0
15	119.0
16	135.0
17	152.0
18	170.0
19	189.0
20	209.0
21	230.0
22	252.0
23	275.0
24	299.0
25	324.0
26	350.0
27	377.0
28	405.0
29	434.0
30	464.0
31	495.0
32	527.0
33	560.0
34	594.0
35	629.0
36	665.0
37	702.0
38	740.0
39	779.0
40	819.0
41	860.0
42	902.0
43	945.0
44	989.0
45	1034.0
46	1080.0
47	1127.0
48	1175.0
49	1224.0
50	1274.0
51	1325.0
52	1377.0
53	1430.0
54	1484.0
55	1539.0
56	1595.0
57	1652.0
58	1710.0
59	1769.0
60	1829.0
61	1890.0
62	1952.0
63	2015.0
64	2079.0
65	2144.0
66	2210.0
67	2277.0
68	2345.0
69	2414.0
70	2484.0
71	2555.0
72	2627.0
73	2700.0
74	2774.0
75	2849.0
76	2925.0
77	3002.0
78	3080.0
79	3159.0
80	3239.0
81	3320.0
82	3402.0
83	3485.0
84	3569.0
85	3654.0
86	3740.0
87	3827.0
88	3915.0
89	4004.0
90	4094.0
91	4185.0
92	4277.0
93	4370.0
94	4464.0
95	4559.0
96	4655.0
97	4752.0
98	4850.0
99	4949.0
100	5049.0
101	5150.0
102	5252.0
103	5355.0
104	5459.0
105	5564.0
106	5670.0
107	5777.0
108	5885.0
109	5994.0
110	6104.0
111	6215.0
112	6327.0
113	6440.0
114	6554.0
115	6669.0
116	6785.0
117	6902.0
118	7020.0
119	7139.0
120	7259.0
121	7380.0
122	7502.0
123	7625.0
124	7749.0
125	7874.0
126	8000.0
127	8127.0
128	8255.0
129	8384.0
130	8514.0
131	8645.0
132	8777.0
133	8910.0
134	9044.0
135	9179.0
136	9315.0
137	9452.0
138	9590.0
139	9729.0
140	9869.0
141	10010.0
142	10152.0
143	10295.0
144	10439.0
145	10584.0
146	10730.0
147	10877.0
148	11025.0
149	11174.0
150	11324.0
151	11475.0
152	11627.0
153	11780.0
154	11934.0
155	12089.0
156	12245.0
157	12402.0
158	12560.0
159	12719.0
160	12879.0
161	13040.0
162	13202.0
163	13365.0
164	13529.0
165	13694.0
166	13860.0
167	14027.0
168	14195.0
169	14364.0
170	14534.0
171	14705.0
172	14877.0
173	15050.0
174	15224.0
175	15399.0
176	15575.0
177	15752.0
178	15930.0
179	16109.0
180	16289.0
181	16470.0
182	16652.0
183	16835.0
184	17019.0
185	17204.0
186	17390.0
187	17577.0
188	17765.0
189	17954.0
190	18144.0
191	18335.0
192	18527.0
193	18720.0
194	18914.0
195	19109.0
196	19305.0
197	19502.0
198	19700.0
199	19899.0
200	20099.0
201	20300.0
202	20502.0
203	20705.0
204	20909.0
205	21114.0
206	21320.0
207	21527.0
208	21735.0
209	21944.0
210	22154.0
211	22365.0
212	22577.0
213	22790.0
214	23004.0
215	23219.0
216	23435.0
217	23652.0
218	23870.0
219	24089.0
220	24309.0
221	24530.0
222	24752.0
223	24975.0
224	25199.0
225	25424.0
226	25650.0
227	25877.0
228	26105.0
229	26334.0
230	26564.0
231	26795.0
232	27027.0
233	27260.0
234	27494.0
235	27729.0
236	27965.0
237	28202.0
238	28440.0
239	28679.0
240	28919.0
241	29160.0
242	29402.0
243	29645.0
244	29889.0
245	30134.0
246	30380.0
247	30627.0
248	30875.0
249	31124.0
250	31374.0
251	31625.0
252	31877.0
253	32130.0
254	32384.0
255	32639.0
256	32895.0
257	33152.0
258	33410.0
259	33669.0
260	33929.0
261	34190.0
262	34452.0
263	34715.0
264	34979.0
265	35244.0
266	35510.0
267	35777.0
268	36045.0
269	36314.0
270	36584.0
271	36855.0
272	37127.0
273	37400.0
274	37674.0
275	37949.0
276	38225.0
277	38502.0
278	38780.0
279	39059.0
280	39339.0
281	39620.0
282	39902.0
283	40185.0
284	40469.0
285	40754.0
286	41040.0
287	41327.0
288	41615.0
289	41904.0
290	42194.0
291	42485.0
292	42777.0
293	43070.0
294	43364.0
295	43659.0
296	43955.0
297	44252.0
298	44550.0
299	44849.0
300	45149.0
301	45450.0
302	45752.0
303	46055.0
304	46359.0
305	46664.0
306	46970.0
307	47277.0
308	47585.0
309	47894.0
310	48204.0
311	48515.0
312	48827.0
313	49140.0
314	49454.0
315	49769.0
316	50085.0
317	50402.0
318	50720.0
319	51039.0
320	51359.0
321	51680.0
322	52002.0
323	52325.0
324	52649.0
325	52974.0
326	53300.0
327	53627.0
328	53955.0
329	54284.0
330	54614.0
331	54945.0
332	55277.0
333	55610.0
334	55944.0
335	56279.0
336	56615.0
337	56952.0
338	57290.0
339	57629.0
340	57969.0
341	58310.0
342	58652.0
343	58995.0
344	59339.0
345	59684.0
346	60030.0
347	60377.0
348	60725.0
349	61074.0
350	61424.0
351	61775.0
352	62127.0
353	62480.0
354	62834.0
355	63189.0
356	63545.0
357	63902.0
358	64260.0
359	64619.0
360	64979.0
361	65340.0
362	65702.0
363	66065.0
364	66429.0
365	66794.0
366	67160.0
367	67527.0
368	67895.0
369	68264.0
370	68634.0
371	69005.0
372	69377.0
373	69750.0
374	70124.0
375	70499.0
376	70875.0
377	71252.0
378	71630.0
379	72009.0
380	72389.0
381	72770.0
382	73152.0
383	73535.0
384	73919.0
385	74304.0
386	74690.0
387	75077.0
388	75465.0
389	75854.0
390	76244.0
391	76635.0
392	77027.0
393	77420.0
394	77814.0
395	78209.0
396	78605.0
397	79002.0
398	79400.0
399	79799.0
400	80199.0
401	80600.0
402	81002.0
403	81405.0
404	81809.0
405	82214.0
406	82620.0
407	83027.0
408	83435.0
409	83844.0
410	84254.0
411	84665.0
412	85077.0
413	85490.0
414	85904.0
415	86319.0
416	86735.0
417	87152.0
418	87570.0
419	87989.0
420	88409.0
421	88830.0
422	89252.0
423	89675.0
424	90099.0
425	90524.0
426	90950.0
427	91377.0
428	91805.0
429	92234.0
430	92664.0
431	93095.0
432	93527.0
433	93960.0
434	94394.0
435	94829.0
436	95265.0
437	95702.0
438	96140.0
439	96579.0
440	97019.0
441	97460.0
442	97902.0
443	98345.0
444	98789.0
445	99234.0
446	99680.0
447	100127.0
448	100575.0
449	101024.0
450	101474.0
451	101925.0
452	102377.0
453	102830.0
454	103284.0
455	103739.0
456	104195.0
457	104652.0
458	105110.0
459	105569.0
460	106029.0
461	106490.0
462	106952.0
463	107415.0
464	107879.0
465	108344.0
466	108810.0
467	109277.0
468	109745.0
469	110214.0
470	110684.0
471	111155.0
472	111627.0
473	112100.0
474	112574.0
475	113049.0
476	113525.0
477	114002.0
478	114480.0
479	114959.0
480	115439.0
481	115920.0
482	116402.0
483	116885.0
484	117369.0
485	117854.0
486	118340.0
487	118827.0
488	119315.0
489	119804.0
490	120294.0
491	120785.0
492	121277.0
493	121770.0
494	122264.0
495	122759.0
496	123255.0
497	123752.0
498	124250.0
499	124749.0
500	125249.0
501	125750.0
502	126252.0
503	126755.0
504	127259.0
505	127764.0
506	128270.0
507	128777.0
508	129285.0
509	129794.0
510	130304.0
511	130815.0
512	131327.0
513	131840.0
514	132354.0
515	132869.0
516	133385.0
517	133902.0
518	134420.0
519	134939.0
520	135459.0
521	135980.0
522	136502.0
523	137025.0
524	137549.0
525	138074.0
526	138600.0
527	139127.0
528	139655.0
529	140184.0
530	140714.0
531	141245.0
532	141777.0
533	142310.0
534	142844.0
535	143379.0
536	143915.0
537	144452.0
538	144990.0
539	145529.0
540	146069.0
541	146610.0
542	147152.0
543	147695.0
544	148239.0
545	148784.0
546	149330.0
547	149877.0
548	150425.0
549	150974.0
550	151524.0
551	152075.0
552	152627.0
553	153180.0
554	153734.0
555	154289.0
556	154845.0
557	155402.0
558	155960.0
559	156519.0
560	157079.0
561	157640.0
562	158202.0
563	158765.0
564	159329.0
565	159894.0
566	160460.0
567	161027.0
568	161595.0
569	162164.0
570	162734.0
571	163305.0
572	163877.0
573	164450.0
574	165024.0
575	165599.0
576	166175.0
577	166752.0
578	167330.0
579	167909.0
580	168489.0
581	169070.0
582	169652.0
583	170235.0
584	170819.0
585	171404.0
586	171990.0
587	172577.0
588	173165.0
589	173754.0
590	174344.0
591	174935.0
592	175527.0
593	176120.0
594	176714.0
595	177309.0
596	177905.0
597	178502.0
598	179100.0
599	179699.0
600	180299.0
601	180900.0
602	181502.0
603	182105.0
604	182709.0
605	183314.0
606	183920.0
607	184527.0
608	185135.0
609	185744.0
610	186354.0
611	186965.0
612	187577.0
613	188190.0
614	188804.0
615	189419.0
616	190035.0
617	190652.0
618	191270.0
619	191889.0
620	192509.0
621	193130.0
622	193752.0
623	194375.0
624	194999.0
625	195624.0
626	196250.0
627	196877.0
628	197505.0
629	198134.0
630	198764.0
631	199395.0
632	200027.0
633	200660.0
634	201294.0
635	201929.0
636	202565.0
637	203202.0
638	203840.0
639	204479.0
640	205119.0
641	205760.0
642	206402.0
643	207045.0
644	207689.0
645	208334.0
646	208980.0
647	209627.0
648	210275.0
649	210924.0
650	211574.0
651	212225.0
652	212877.0
653	213530.0
654	214184.0
655	214839.0
656	215495.0
657	216152.0
658	216810.0
659	217469.0
660	218129.0
661	218790.0
662	219452.0
663	220115.0
664	220779.0
665	221444.0
666	222110.0
667	222777.0
668	223445.0
669	224114.0
670	224784.0
671	225455.0
672	226127.0
673	226800.0
674	227474.0
675	228149.0
676	228825.0
677	229502.0
678	230180.0
679	230859.0
680	231539.0
681	232220.0
682	232902.0
683	233585.0
684	234269.0
685	234954.0
686	235640.0
687	236327.0
688	237015.0
689	237704.0
690	238394.0
691	239085.0
692	239777.0
693	240470.0
694	241164.0
695	241859.0
696	242555.0
697	243252.0
698	243950.0
699	244649.0
700	245349.0
701	246050.0
702	246752.0
703	247455.0
704	248159.0
705	248864.0
706	249570.0
707	250277.0
708	250985.0
709	251694.0
710	252404.0
711	253115.0
712	253827.0
713	254540.0
714	255254.0
715	255969.0
716	256685.0
717	257402.0
718	258120.0
719	258839.0
720	259559.0
721	260280.0
722	261002.0
723	261725.0
724	262449.0
725	263174.0
726	263900.0
727	264627.0
728	265355.0
729	266084.0
730	266814.0
731	267545.0
732	268277.0
733	269010.0
734	269744.0
735	270479.0
736	271215.0
737	271952.0
738	272690.0
739	273429.0
740	274169.0
741	274910.0
742	275652.0
743	276395.0
744	277139.0
745	277884.0
746	278630.0
747	279377.0
748	280125.0
749	280874.0
750	281624.0
751	282375.0
752	283127.0
753	283880.0
754	284634.0
755	285389.0
756	286145.0
757	286902.0
758	287660.0
759	288419.0
760	289179.0
761	289940.0
762	290702.0
763	291465.0
764	292229.0
765	292994.0
766	293760.0
767	294527.0
768	295295.0
769	296064.0
770	296834.0
771	297605.0
772	298377.0
773	299150.0
774	299924.0
775	300699.0
776	301475.0
777	302252.0
778	303030.0
779	303809.0
780	304589.0
781	305370.0
782	306152.0
783	306935.0
784	307719.0
785	308504.0
786	309290.0
787	310077.0
788	310865.0
789	311654.0
790	312444.0
791	313235.0
792	314027.0
793	314820.0
794	315614.0
795	316409.0
796	317205.0
797	318002.0
798	318800.0
799	319599.0
800	320399.0
801	321200.0
802	322002.0
803	322805.0
804	323609.0
805	324414.0
806	325220.0
807	326027.0
808	326835.0
809	327644.0
810	328454.0
811	329265.0
812	330077.0
813	330890.0
814	331704.0
815	332519.0
816	333335.0
817	334152.0
818	334970.0
819	335789.0
820	336609.0
821	337430.0
822	338252.0
823	339075.0
824	339899.0
825	340724.0
826	341550.0
827	342377.0
828	343205.0
829	344034.0
830	344864.0
831	345695.0
832	346527.0
833	347360.0
834	348194.0
835	349029.0
836	349865.0
837	350702.0
838	351540.0
839	352379.0
840	353219.0
841	354060.0
842	354902.0
843	355745.0
844	356589.0
845	357434.0
846	358280.0
847	359127.0
848	359975.0
849	360824.0
850	361674.0
851	362525.0
852	363377.0
853	364230.0
854	365084.0
855	365939.0
856	366795.0
857	367652.0
858	368510.0
859	369369.0
860	370229.0
861	371090.0
862	371952.0
863	372815.0
864	373679.0
865	374544.0
866	375410.0
867	376277.0
868	377145.0
869	378014.0
870	378884.0
871	379755.0
872	380627.0
873	381500.0
874	382374.0
875	383249.0
876	384125.0
877	385002.0
878	385880.0
879	386759.0
880	387639.0
881	388520.0
882	389402.0
883	390285.0
884	391169.0
885	392054.0
886	392940.0
887	393827.0
888	394715.0
889	395604.0
890	396494.0
891	397385.0
892	398277.0
893	399170.0
894	400064.0
895	400959.0
896	401855.0
897	402752.0
898	403650.0
899	404549.0
900	405449.0
901	406350.0
902	407252.0
903	408155.0
904	409059.0
905	409964.0
906	410870.0
907	411777.0
908	412685.0
909	413594.0
910	414504.0
911	415415.0
912	416327.0
913	417240.0
914	418154.0
915	419069.0
916	419985.0
917	420902.0
918	421820.0
919	422739.0
920	423659.0
921	424580.0
922	425502.0
923	426425.0
924	427349.0
925	428274.0
926	429200.0
927	430127.0
928	431055.0
929	431984.0
930	432914.0
931	433845.0
932	434777.0
933	435710.0
934	436644.0
935	437579.0
936	438515.0
937	439452.0
938	440390.0
939	441329.0
940	442269.0
941	443210.0
942	444152.0
943	445095.0
944	446039.0
945	446984.0
946	447930.0
947	448877.0
948	449825.0
949	450774.0
950	451724.0
951	452675.0
952	453627.0
953	454580.0
954	455534.0
955	456489.0
956	457445.0
957	458402.0
958	459360.0
959	460319.0
960	461279.0
961	462240.0
962	463202.0
963	464165.0
964	465129.0
965	466094.0
966	467060.0
967	468027.0
968	468995.0
969	469964.0
970	470934.0
971	471905.0
972	472877.0
973	473850.0
974	474824.0
975	475799.0
976	476775.0
977	477752.0
978	478730.0
979	479709.0
980	480689.0
981	481670.0
982	482652.0
983	483635.0
984	484619.0
985	485604.0
986	486590.0
987	487577.0
988	488565.0
989	489554.0
990	490544.0
991	491535.0
992	492527.0
993	493520.0
994	494514.0
995	495509.0
996	496505.0
997	497502.0
998	498500.0
999	499499.0
1000	500499.0
