1	0.0
2	2.0
3	4.0
4	3.0
5	8.0
6	8.0
7	15.0
8	16.0
9	22.0
10	39.0
11	16.0
12	33.0
13	39.0
14	67.0
15	61.0
16	71.0
17	67.0
18	71.0
19	84.0
20	110.0
21	115.0
22	149.0
23	116.0
24	108.0
25	112.0
26	159.0
27	155.0
28	147.0
29	181.0
30	171.0
31	242.0
32	236.0
33	217.0
34	248.0
35	294.0
36	347.0
37	231.0
38	270.0
39	285.0
40	287.0
41	349.0
42	316.0
43	259.0
44	502.0
45	425.0
46	505.0
47	477.0
48	482.0
49	440.0
50	440.0
51	512.0
52	486.0
53	539.0
54	537.0
55	611.0
56	546.0
57	642.0
58	801.0
59	670.0
60	620.0
61	780.0
62	729.0
63	692.0
64	938.0
65	685.0
66	886.0
67	1027.0
68	886.0
69	893.0
70	1026.0
71	1158.0
72	1018.0
73	1254.0
74	1107.0
75	1264.0
76	1026.0
77	1173.0
78	1119.0
79	975.0
80	1291.0
81	1261.0
82	1498.0
83	1129.0
84	1522.0
85	1375.0
86	1562.0
87	1467.0
88	1497.0
89	1585.0
90	1785.0
91	1308.0
92	1850.0
93	1775.0
94	1547.0
95	1731.0
96	1682.0
97	2208.0
98	1526.0
99	1982.0
100	1876.0
101	1824.0
102	2193.0
103	2122.0
104	2304.0
105	2091.0
106	2050.0
107	2433.0
108	2307.0
109	2378.0
110	2461.0
111	2609.0
112	2399.0
113	2453.0
114	2298.0
115	2677.0
116	2169.0
117	3026.0
118	2896.0
119	2780.0
120	2975.0
121	2868.0
122	3410.0
123	2941.0
124	2843.0
125	2936.0
126	3184.0
127	3076.0
128	3314.0
129	3491.0
130	3378.0
131	3355.0
132	3299.0
133	3354.0
134	4312.0
135	3708.0
136	4024.0
137	3498.0
138	4003.0
139	3098.0
140	3676.0
141	4084.0
142	3578.0
143	4112.0
144	4489.0
145	4013.0
146	4014.0
147	4524.0
148	4262.0
149	4869.0
150	4294.0
151	4169.0
152	4480.0
153	5098.0
154	3854.0
155	4624.0
156	4726.0
157	4964.0
158	5385.0
159	5384.0
160	5018.0
161	5296.0
162	4652.0
163	5375.0
164	5164.0
165	4425.0
166	5176.0
167	5843.0
168	5665.0
169	6006.0
170	5794.0
171	5993.0
172	5926.0
173	5617.0
174	5203.0
175	5698.0
176	5386.0
177	5836.0
178	5709.0
179	6275.0
180	5867.0
181	5672.0
182	6293.0
183	7003.0
184	6565.0
185	5957.0
186	6998.0
187	6917.0
188	6682.0
189	7179.0
190	6285.0
191	5811.0
192	6083.0
193	7680.0
194	7561.0
195	7662.0
196	6946.0
197	8279.0
198	7818.0
199	7227.0
200	8307.0
201	8156.0
202	8019.0
203	7363.0
204	7711.0
205	7978.0
206	8002.0
207	8599.0
208	7840.0
209	8907.0
210	8692.0
211	8824.0
212	8152.0
213	9071.0
214	8759.0
215	8246.0
216	7708.0
217	9309.0
218	8776.0
219	9660.0
220	8617.0
221	10802.0
222	8864.0
223	10304.0
224	9264.0
225	9618.0
226	9618.0
227	9838.0
228	9044.0
229	9650.0
230	10513.0
231	10068.0
232	10783.0
233	10791.0
234	10613.0
235	10281.0
236	11123.0
237	11478.0
238	12479.0
239	11406.0
240	12145.0
241	11931.0
242	12769.0
243	11130.0
244	10548.0
245	11913.0
246	11544.0
247	11491.0
248	11751.0
249	11338.0
250	12307.0
251	12176.0
252	12813.0
253	12454.0
254	12591.0
255	11521.0
256	12565.0
257	12928.0
258	14249.0
259	12809.0
260	13066.0
261	12068.0
262	13016.0
263	13988.0
264	11582.0
265	15188.0
266	13888.0
267	13918.0
268	13213.0
269	13003.0
270	12252.0
271	14137.0
272	13489.0
273	15385.0
274	13491.0
275	13980.0
276	13460.0
277	15503.0
278	14451.0
279	14918.0
280	13789.0
281	17048.0
282	14321.0
283	15738.0
284	15691.0
285	12560.0
286	16226.0
287	16556.0
288	15215.0
289	15690.0
290	16738.0
291	17119.0
292	17112.0
293	17329.0
294	16330.0
295	15793.0
296	16641.0
297	15881.0
298	15756.0
299	17305.0
300	17019.0
301	17789.0
302	16762.0
303	17351.0
304	17492.0
305	16848.0
306	16936.0
307	18937.0
308	18477.0
309	15456.0
310	17635.0
311	17951.0
312	19235.0
313	19098.0
314	19012.0
315	18380.0
316	17797.0
317	20051.0
318	18737.0
319	20751.0
320	20354.0
321	18922.0
322	19715.0
323	20820.0
324	19723.0
325	19350.0
326	19850.0
327	20913.0
328	21135.0
329	18272.0
330	22025.0
331	19477.0
332	20263.0
333	21554.0
334	21764.0
335	21793.0
336	20472.0
337	20122.0
338	22342.0
339	23517.0
340	21715.0
341	21166.0
342	22562.0
343	24544.0
344	23005.0
345	23489.0
346	23983.0
347	21772.0
348	23403.0
349	21808.0
350	23832.0
351	22309.0
352	25672.0
353	22023.0
354	23325.0
355	22903.0
356	23407.0
357	23999.0
358	23654.0
359	25991.0
360	23922.0
361	24116.0
362	23855.0
363	25964.0
364	25750.0
365	24569.0
366	25252.0
367	25010.0
368	22556.0
369	26049.0
370	24701.0
371	25739.0
372	26183.0
373	26118.0
374	27128.0
375	26773.0
376	26260.0
377	24333.0
378	26709.0
379	26777.0
380	27475.0
381	28560.0
382	28633.0
383	26983.0
384	27397.0
385	30810.0
386	25063.0
387	29936.0
388	28049.0
389	29965.0
390	29377.0
391	29718.0
392	28331.0
393	29252.0
394	27243.0
395	28936.0
396	29942.0
397	28492.0
398	31769.0
399	31850.0
400	32308.0
401	31021.0
402	29475.0
403	28466.0
404	32168.0
405	29798.0
406	31969.0
407	29691.0
408	30847.0
409	33374.0
410	31407.0
411	30195.0
412	32951.0
413	31433.0
414	32207.0
415	33335.0
416	33815.0
417	33433.0
418	33596.0
419	36247.0
420	36132.0
421	32448.0
422	34636.0
423	36118.0
424	32980.0
425	34629.0
426	37405.0
427	36781.0
428	30941.0
429	34887.0
430	34508.0
431	35001.0
432	37047.0
433	34682.0
434	34781.0
435	34191.0
436	37606.0
437	34896.0
438	33461.0
439	33270.0
440	35843.0
441	38739.0
442	34382.0
443	37099.0
444	35171.0
445	34423.0
446	36287.0
447	34956.0
448	36895.0
449	36843.0
450	37535.0
451	37296.0
452	37534.0
453	41468.0
454	38251.0
455	40722.0
456	36603.0
457	39354.0
458	41916.0
459	41382.0
460	37606.0
461	40172.0
462	42927.0
463	40987.0
464	39341.0
465	40978.0
466	40029.0
467	37910.0
468	38803.0
469	41505.0
470	40813.0
471	41804.0
472	44430.0
473	44608.0
474	38522.0
475	44128.0
476	39750.0
477	40631.0
478	45206.0
479	44315.0
480	41984.0
481	43569.0
482	43051.0
483	48733.0
484	44516.0
485	48934.0
486	46320.0
487	46397.0
488	40873.0
489	45195.0
490	41108.0
491	43248.0
492	46635.0
493	45843.0
494	45497.0
495	44860.0
496	45436.0
497	48858.0
498	46181.0
499	48913.0
500	44474.0
501	46578.0
502	44294.0
503	45487.0
504	47874.0
505	49354.0
506	47586.0
507	53260.0
508	48023.0
509	47636.0
510	45793.0
511	48914.0
512	47693.0
513	48441.0
514	49209.0
515	49843.0
516	48434.0
517	50533.0
518	50855.0
519	52915.0
520	52328.0
521	46941.0
522	51050.0
523	50439.0
524	51990.0
525	51209.0
526	50827.0
527	50465.0
528	53711.0
529	51987.0
530	53368.0
531	54457.0
532	52035.0
533	51855.0
534	51688.0
535	52666.0
536	56559.0
537	53029.0
538	59001.0
539	57220.0
540	57389.0
541	52667.0
542	53038.0
543	60090.0
544	55702.0
545	53091.0
546	59343.0
547	57122.0
548	58522.0
549	55311.0
550	56080.0
551	57726.0
552	52857.0
553	55149.0
554	58505.0
555	60630.0
556	59541.0
557	58364.0
558	61466.0
559	57854.0
560	59753.0
561	55760.0
562	60918.0
563	58778.0
564	62100.0
565	62910.0
566	60244.0
567	60137.0
568	60533.0
569	62122.0
570	60603.0
571	61975.0
572	61856.0
573	62983.0
574	57596.0
575	59773.0
576	68129.0
577	62516.0
578	63843.0
579	61215.0
580	65653.0
581	62053.0
582	61913.0
583	63078.0
584	65064.0
585	59609.0
586	63927.0
587	65964.0
588	65545.0
589	64532.0
590	66475.0
591	65628.0
592	65718.0
593	66679.0
594	68046.0
595	63712.0
596	63437.0
597	68529.0
598	67712.0
599	67590.0
600	69362.0
601	68137.0
602	65092.0
603	67486.0
604	64476.0
605	73966.0
606	65648.0
607	65678.0
608	67666.0
609	71479.0
610	70182.0
611	74061.0
612	70936.0
613	72529.0
614	71225.0
615	72250.0
616	70413.0
617	69055.0
618	72103.0
619	66714.0
620	77014.0
621	73836.0
622	76885.0
623	75714.0
624	69828.0
625	74417.0
626	73311.0
627	69523.0
628	73659.0
629	77564.0
630	74347.0
631	74328.0
632	77762.0
633	71202.0
634	70861.0
635	72481.0
636	74034.0
637	73295.0
638	79618.0
639	78108.0
640	77129.0
641	75784.0
642	76161.0
643	77136.0
644	77345.0
645	76829.0
646	80735.0
647	76604.0
648	78473.0
649	79770.0
650	80894.0
651	77143.0
652	84063.0
653	80274.0
654	82585.0
655	81886.0
656	83607.0
657	78332.0
658	83741.0
659	86835.0
660	87177.0
661	88815.0
662	81678.0
663	80618.0
664	86371.0
665	80529.0
666	78452.0
667	84937.0
668	86384.0
669	84763.0
670	81185.0
671	85190.0
672	84180.0
673	85713.0
674	83143.0
675	84998.0
676	85874.0
677	87068.0
678	90756.0
679	88038.0
680	86219.0
681	84730.0
682	84616.0
683	90293.0
684	87500.0
685	85184.0
686	90314.0
687	88907.0
688	87501.0
689	91582.0
690	89636.0
691	91428.0
692	93905.0
693	91739.0
694	90811.0
695	94858.0
696	88507.0
697	96576.0
698	97187.0
699	96513.0
700	87570.0
701	92132.0
702	93625.0
703	84144.0
704	94703.0
705	93148.0
706	97444.0
707	89813.0
708	93669.0
709	94575.0
710	99361.0
711	89789.0
712	88107.0
713	96294.0
714	98758.0
715	102466.0
716	96506.0
717	100609.0
718	99088.0
719	108395.0
720	99923.0
721	95752.0
722	103010.0
723	104676.0
724	102328.0
725	101783.0
726	103743.0
727	97394.0
728	102212.0
729	99112.0
730	102527.0
731	100827.0
732	97624.0
733	98733.0
734	110575.0
735	94187.0
736	108878.0
737	102023.0
738	106512.0
739	98025.0
740	105788.0
741	100643.0
742	103451.0
743	101006.0
744	100771.0
745	103249.0
746	100098.0
747	106868.0
748	111167.0
749	105194.0
750	107111.0
751	107206.0
752	114828.0
753	109487.0
754	110239.0
755	105759.0
756	99020.0
757	97925.0
758	113986.0
759	113771.0
760	108589.0
761	111299.0
762	116280.0
763	109358.0
764	111548.0
765	113864.0
766	110083.0
767	115816.0
768	116819.0
769	115882.0
770	119070.0
771	115325.0
772	118065.0
773	118089.0
774	114310.0
775	116372.0
776	113046.0
777	113588.0
778	108681.0
779	111077.0
780	106453.0
781	116082.0
782	120159.0
783	119052.0
784	118131.0
785	117511.0
786	116407.0
787	117783.0
788	120548.0
789	115466.0
790	121599.0
791	115247.0
792	117146.0
793	115955.0
794	131081.0
795	115373.0
796	119063.0
797	116285.0
798	122776.0
799	118967.0
800	129394.0
801	129706.0
802	118703.0
803	118665.0
804	125551.0
805	115011.0
806	129247.0
807	121888.0
808	131593.0
809	129825.0
810	124296.0
811	128425.0
812	127728.0
813	124720.0
814	124284.0
815	127811.0
816	131449.0
817	125855.0
818	128480.0
819	121705.0
820	130033.0
821	130790.0
822	131047.0
823	121057.0
824	128243.0
825	126466.0
826	123857.0
827	125212.0
828	127529.0
829	130025.0
830	127938.0
831	131535.0
832	135035.0
833	134142.0
834	128777.0
835	127630.0
836	126182.0
837	134430.0
838	136415.0
839	131867.0
840	129971.0
841	134893.0
842	133026.0
843	132587.0
844	137954.0
845	132329.0
846	135216.0
847	139192.0
848	131132.0
849	139431.0
850	136937.0
851	138362.0
852	131930.0
853	138639.0
854	151798.0
855	132369.0
856	135598.0
857	137699.0
858	140896.0
859	145919.0
860	136658.0
861	138983.0
862	140613.0
863	136456.0
864	140558.0
865	138163.0
866	143944.0
867	147186.0
868	153283.0
869	147671.0
870	140511.0
871	142943.0
872	147515.0
873	142238.0
874	135746.0
875	143482.0
876	147331.0
877	154500.0
878	144226.0
879	153935.0
880	144481.0
881	142892.0
882	147540.0
883	142522.0
884	145536.0
885	145782.0
886	149302.0
887	142946.0
888	150248.0
889	146266.0
890	150137.0
891	150316.0
892	153571.0
893	157070.0
894	148725.0
895	155556.0
896	144613.0
897	144708.0
898	147285.0
899	153407.0
900	160233.0
901	153825.0
902	159786.0
903	161121.0
904	154931.0
905	153267.0
906	162228.0
907	146915.0
908	157324.0
909	153080.0
910	155941.0
911	160989.0
912	163245.0
913	160817.0
914	158716.0
915	161553.0
916	152950.0
917	157986.0
918	155792.0
919	163283.0
920	166583.0
921	161842.0
922	164447.0
923	159005.0
924	167878.0
925	158761.0
926	158826.0
927	167693.0
928	163490.0
929	161137.0
930	164165.0
931	163001.0
932	158735.0
933	163139.0
934	160742.0
935	160740.0
936	167292.0
937	171629.0
938	156426.0
939	169227.0
940	168722.0
941	167143.0
942	170935.0
943	168297.0
944	169478.0
945	170088.0
946	171526.0
947	171666.0
948	168241.0
949	168587.0
950	172477.0
951	171505.0
952	166145.0
953	166676.0
954	159422.0
955	178967.0
956	167663.0
957	168104.0
958	171069.0
959	168234.0
960	179998.0
961	173657.0
962	175822.0
963	185501.0
964	171110.0
965	175267.0
966	168231.0
967	179972.0
968	179662.0
969	182570.0
970	178208.0
971	169836.0
972	173577.0
973	184816.0
974	175313.0
975	184060.0
976	173566.0
977	179850.0
978	184362.0
979	180680.0
980	183847.0
981	192541.0
982	170383.0
983	178684.0
984	187935.0
985	184883.0
986	182531.0
987	183031.0
988	196120.0
989	181940.0
990	184973.0
991	183861.0
992	188907.0
993	187531.0
994	192836.0
995	183517.0
996	189489.0
997	180001.0
998	192540.0
999	192863.0
1000	189559.0
