1	0.0
2	1.0
3	0.0
4	4.0
5	7.0
6	6.0
7	3.0
8	8.0
9	11.0
10	18.0
11	13.0
12	18.0
13	22.0
14	22.0
15	33.0
16	30.0
17	34.0
18	41.0
19	41.0
20	56.0
21	49.0
22	49.0
23	43.0
24	51.0
25	55.0
26	69.0
27	70.0
28	65.0
29	66.0
30	58.0
31	74.0
32	78.0
33	92.0
34	78.0
35	101.0
36	89.0
37	106.0
38	98.0
39	103.0
40	109.0
41	112.0
42	121.0
43	129.0
44	109.0
45	134.0
46	137.0
47	116.0
48	137.0
49	126.0
50	162.0
51	140.0
52	160.0
53	147.0
54	169.0
55	174.0
56	174.0
57	178.0
58	189.0
59	156.0
60	163.0
61	182.0
62	189.0
63	178.0
64	201.0
65	194.0
66	205.0
67	214.0
68	210.0
69	204.0
70	226.0
71	247.0
72	247.0
73	236.0
74	238.0
75	242.0
76	241.0
77	267.0
78	244.0
79	277.0
80	265.0
81	266.0
82	271.0
83	289.0
84	276.0
85	299.0
86	276.0
87	300.0
88	332.0
89	298.0
90	310.0
91	298.0
92	324.0
93	327.0
94	317.0
95	289.0
96	321.0
97	321.0
98	344.0
99	344.0
100	367.0
101	344.0
102	363.0
103	354.0
104	349.0
105	367.0
106	401.0
107	398.0
108	362.0
109	390.0
110	394.0
111	395.0
112	381.0
113	396.0
114	392.0
115	416.0
116	396.0
117	421.0
118	419.0
119	430.0
120	411.0
121	437.0
122	432.0
123	433.0
124	467.0
125	408.0
126	459.0
127	465.0
128	434.0
129	472.0
130	496.0
131	493.0
132	479.0
133	488.0
134	494.0
135	482.0
136	498.0
137	464.0
138	477.0
139	495.0
140	529.0
141	535.0
142	527.0
143	532.0
144	561.0
145	550.0
146	553.0
147	544.0
148	577.0
149	541.0
150	567.0
151	566.0
152	576.0
153	568.0
154	580.0
155	587.0
156	589.0
157	644.0
158	606.0
159	617.0
160	621.0
161	650.0
162	628.0
163	658.0
164	627.0
165	646.0
166	627.0
167	648.0
168	644.0
169	672.0
170	660.0
171	650.0
172	690.0
173	662.0
174	702.0
175	661.0
176	705.0
177	705.0
178	682.0
179	749.0
180	728.0
181	759.0
182	720.0
183	715.0
184	711.0
185	712.0
186	795.0
187	782.0
188	747.0
189	760.0
190	755.0
191	766.0
192	735.0
193	810.0
194	791.0
195	770.0
196	826.0
197	783.0
198	765.0
199	794.0
200	812.0
201	801.0
202	806.0
203	808.0
204	860.0
205	786.0
206	856.0
207	816.0
208	785.0
209	870.0
210	851.0
211	844.0
212	847.0
213	894.0
214	868.0
215	852.0
216	851.0
217	866.0
218	915.0
219	891.0
220	903.0
221	927.0
222	877.0
223	929.0
224	932.0
225	907.0
226	925.0
227	945.0
228	934.0
229	941.0
230	946.0
231	925.0
232	928.0
233	961.0
234	960.0
235	946.0
236	992.0
237	948.0
238	973.0
239	1012.0
240	978.0
241	963.0
242	1011.0
243	1014.0
244	981.0
245	989.0
246	1015.0
247	999.0
248	994.0
249	1042.0
250	1067.0
251	1011.0
252	1036.0
253	1055.0
254	1077.0
255	1060.0
256	1076.0
257	1047.0
258	1061.0
259	1080.0
260	1062.0
261	1117.0
262	1079.0
263	1100.0
264	1134.0
265	1105.0
266	1102.0
267	1160.0
268	1115.0
269	1124.0
270	1149.0
271	1108.0
272	1216.0
273	1140.0
274	1158.0
275	1170.0
276	1157.0
277	1203.0
278	1172.0
279	1195.0
280	1223.0
281	1167.0
282	1235.0
283	1200.0
284	1256.0
285	1230.0
286	1245.0
287	1222.0
288	1241.0
289	1216.0
290	1249.0
291	1253.0
292	1259.0
293	1294.0
294	1260.0
295	1310.0
296	1275.0
297	1327.0
298	1279.0
299	1306.0
300	1338.0
301	1271.0
302	1337.0
303	1321.0
304	1340.0
305	1288.0
306	1323.0
307	1358.0
308	1318.0
309	1375.0
310	1354.0
311	1353.0
312	1353.0
313	1405.0
314	1417.0
315	1366.0
316	1372.0
317	1402.0
318	1391.0
319	1407.0
320	1417.0
321	1436.0
322	1465.0
323	1437.0
324	1422.0
325	1463.0
326	1447.0
327	1448.0
328	1422.0
329	1449.0
330	1442.0
331	1471.0
332	1476.0
333	1424.0
334	1468.0
335	1507.0
336	1513.0
337	1465.0
338	1515.0
339	1569.0
340	1498.0
341	1507.0
342	1521.0
343	1611.0
344	1536.0
345	1517.0
346	1583.0
347	1537.0
348	1581.0
349	1567.0
350	1584.0
351	1547.0
352	1534.0
353	1591.0
354	1611.0
355	1589.0
356	1630.0
357	1608.0
358	1607.0
359	1682.0
360	1603.0
361	1704.0
362	1630.0
363	1660.0
364	1688.0
365	1674.0
366	1639.0
367	1645.0
368	1646.0
369	1686.0
370	1664.0
371	1687.0
372	1693.0
373	1662.0
374	1720.0
375	1671.0
376	1696.0
377	1699.0
378	1753.0
379	1739.0
380	1771.0
381	1715.0
382	1698.0
383	1723.0
384	1706.0
385	1729.0
386	1765.0
387	1816.0
388	1759.0
389	1757.0
390	1746.0
391	1828.0
392	1787.0
393	1783.0
394	1811.0
395	1773.0
396	1798.0
397	1854.0
398	1785.0
399	1850.0
400	1847.0
401	1838.0
402	1849.0
403	1811.0
404	1814.0
405	1820.0
406	1891.0
407	1836.0
408	1851.0
409	1863.0
410	1827.0
411	1911.0
412	1903.0
413	1889.0
414	1906.0
415	1863.0
416	1902.0
417	1905.0
418	1875.0
419	1909.0
420	1921.0
421	1969.0
422	1952.0
423	2037.0
424	1920.0
425	1960.0
426	1998.0
427	1997.0
428	1988.0
429	1971.0
430	1958.0
431	1939.0
432	1938.0
433	1929.0
434	2068.0
435	1951.0
436	1946.0
437	2046.0
438	2019.0
439	2041.0
440	2007.0
441	2044.0
442	2060.0
443	2008.0
444	2069.0
445	2081.0
446	2036.0
447	2057.0
448	2043.0
449	2036.0
450	2090.0
451	2097.0
452	2113.0
453	2031.0
454	2145.0
455	2134.0
456	2189.0
457	2103.0
458	2171.0
459	2068.0
460	2110.0
461	2154.0
462	2127.0
463	2123.0
464	2144.0
465	2214.0
466	2177.0
467	2191.0
468	2129.0
469	2187.0
470	2198.0
471	2163.0
472	2154.0
473	2154.0
474	2193.0
475	2146.0
476	2213.0
477	2215.0
478	2251.0
479	2218.0
480	2200.0
481	2283.0
482	2208.0
483	2314.0
484	2213.0
485	2263.0
486	2300.0
487	2250.0
488	2278.0
489	2292.0
490	2294.0
491	2268.0
492	2278.0
493	2333.0
494	2291.0
495	2298.0
496	2319.0
497	2279.0
498	2311.0
499	2333.0
500	2334.0
501	2306.0
502	2345.0
503	2360.0
504	2311.0
505	2332.0
506	2388.0
507	2349.0
508	2343.0
509	2384.0
510	2400.0
511	2386.0
512	2374.0
513	2429.0
514	2390.0
515	2414.0
516	2428.0
517	2439.0
518	2406.0
519	2451.0
520	2454.0
521	2535.0
522	2382.0
523	2411.0
524	2447.0
525	2429.0
526	2466.0
527	2454.0
528	2417.0
529	2550.0
530	2518.0
531	2544.0
532	2517.0
533	2490.0
534	2490.0
535	2529.0
536	2568.0
537	2516.0
538	2556.0
539	2555.0
540	2573.0
541	2587.0
542	2568.0
543	2602.0
544	2573.0
545	2543.0
546	2594.0
547	2563.0
548	2612.0
549	2630.0
550	2626.0
551	2612.0
552	2622.0
553	2705.0
554	2621.0
555	2603.0
556	2595.0
557	2662.0
558	2695.0
559	2715.0
560	2656.0
561	2652.0
562	2691.0
563	2677.0
564	2711.0
565	2710.0
566	2705.0
567	2758.0
568	2713.0
569	2722.0
570	2753.0
571	2767.0
572	2667.0
573	2754.0
574	2776.0
575	2706.0
576	2767.0
577	2786.0
578	2719.0
579	2865.0
580	2810.0
581	2837.0
582	2823.0
583	2830.0
584	2811.0
585	2849.0
586	2879.0
587	2840.0
588	2803.0
589	2847.0
590	2878.0
591	2871.0
592	2821.0
593	2865.0
594	2921.0
595	2871.0
596	2892.0
597	2938.0
598	2923.0
599	2920.0
600	2935.0
601	2972.0
602	2984.0
603	2978.0
604	2943.0
605	2937.0
606	2950.0
607	2938.0
608	2969.0
609	3046.0
610	2964.0
611	2973.0
612	2955.0
613	2989.0
614	2985.0
615	3030.0
616	2969.0
617	3067.0
618	3085.0
619	3089.0
620	3035.0
621	3049.0
622	3127.0
623	3020.0
624	3064.0
625	3087.0
626	3061.0
627	3093.0
628	3022.0
629	3099.0
630	3134.0
631	3069.0
632	3199.0
633	3110.0
634	3091.0
635	3144.0
636	3115.0
637	3125.0
638	3134.0
639	3203.0
640	3196.0
641	3167.0
642	3181.0
643	3123.0
644	3172.0
645	3196.0
646	3168.0
647	3233.0
648	3171.0
649	3216.0
650	3130.0
651	3226.0
652	3317.0
653	3182.0
654	3268.0
655	3265.0
656	3278.0
657	3198.0
658	3260.0
659	3280.0
660	3285.0
661	3294.0
662	3292.0
663	3277.0
664	3308.0
665	3331.0
666	3333.0
667	3356.0
668	3301.0
669	3320.0
670	3312.0
671	3342.0
672	3340.0
673	3336.0
674	3380.0
675	3298.0
676	3365.0
677	3397.0
678	3438.0
679	3388.0
680	3379.0
681	3309.0
682	3414.0
683	3491.0
684	3469.0
685	3508.0
686	3442.0
687	3405.0
688	3459.0
689	3430.0
690	3518.0
691	3474.0
692	3545.0
693	3455.0
694	3540.0
695	3460.0
696	3492.0
697	3521.0
698	3439.0
699	3507.0
700	3545.0
701	3477.0
702	3594.0
703	3551.0
704	3561.0
705	3612.0
706	3585.0
707	3582.0
708	3567.0
709	3542.0
710	3489.0
711	3611.0
712	3545.0
713	3556.0
714	3659.0
715	3641.0
716	3551.0
717	3584.0
718	3626.0
719	3585.0
720	3646.0
721	3684.0
722	3633.0
723	3625.0
724	3659.0
725	3667.0
726	3704.0
727	3684.0
728	3636.0
729	3680.0
730	3684.0
731	3707.0
732	3693.0
733	3701.0
734	3729.0
735	3653.0
736	3737.0
737	3696.0
738	3716.0
739	3729.0
740	3805.0
741	3760.0
742	3651.0
743	3753.0
744	3800.0
745	3774.0
746	3767.0
747	3770.0
748	3784.0
749	3766.0
750	3837.0
751	3789.0
752	3833.0
753	3785.0
754	3800.0
755	3755.0
756	3815.0
757	3911.0
758	3865.0
759	3732.0
760	3872.0
761	3797.0
762	3877.0
763	3837.0
764	3870.0
765	3840.0
766	3830.0
767	3833.0
768	3838.0
769	3912.0
770	3994.0
771	3895.0
772	3907.0
773	3877.0
774	3953.0
775	3827.0
776	3918.0
777	3874.0
778	3932.0
779	3976.0
780	4011.0
781	3993.0
782	3922.0
783	4035.0
784	3950.0
785	4031.0
786	4038.0
787	4037.0
788	4059.0
789	3973.0
790	4065.0
791	4035.0
792	4046.0
793	4057.0
794	4052.0
795	4078.0
796	4064.0
797	4051.0
798	4107.0
799	4064.0
800	4067.0
801	4091.0
802	4105.0
803	4090.0
804	4098.0
805	4125.0
806	4121.0
807	4078.0
808	4071.0
809	4079.0
810	4141.0
811	4134.0
812	4156.0
813	4165.0
814	4137.0
815	4140.0
816	4131.0
817	4126.0
818	4192.0
819	4148.0
820	4183.0
821	4163.0
822	4194.0
823	4193.0
824	4145.0
825	4130.0
826	4172.0
827	4215.0
828	4237.0
829	4191.0
830	4254.0
831	4281.0
832	4288.0
833	4250.0
834	4263.0
835	4210.0
836	4172.0
837	4348.0
838	4236.0
839	4254.0
840	4291.0
841	4265.0
842	4295.0
843	4280.0
844	4246.0
845	4296.0
846	4362.0
847	4292.0
848	4316.0
849	4337.0
850	4411.0
851	4343.0
852	4298.0
853	4311.0
854	4498.0
855	4325.0
856	4368.0
857	4403.0
858	4416.0
859	4460.0
860	4366.0
861	4434.0
862	4321.0
863	4379.0
864	4384.0
865	4412.0
866	4444.0
867	4380.0
868	4487.0
869	4519.0
870	4431.0
871	4487.0
872	4496.0
873	4457.0
874	4486.0
875	4458.0
876	4495.0
877	4509.0
878	4509.0
879	4542.0
880	4522.0
881	4518.0
882	4568.0
883	4534.0
884	4472.0
885	4472.0
886	4536.0
887	4511.0
888	4499.0
889	4625.0
890	4599.0
891	4500.0
892	4517.0
893	4543.0
894	4487.0
895	4598.0
896	4519.0
897	4666.0
898	4520.0
899	4640.0
900	4603.0
901	4644.0
902	4635.0
903	4661.0
904	4643.0
905	4587.0
906	4729.0
907	4675.0
908	4608.0
909	4731.0
910	4690.0
911	4684.0
912	4669.0
913	4656.0
914	4638.0
915	4650.0
916	4651.0
917	4763.0
918	4734.0
919	4745.0
920	4691.0
921	4766.0
922	4776.0
923	4722.0
924	4741.0
925	4723.0
926	4786.0
927	4826.0
928	4769.0
929	4765.0
930	4793.0
931	4861.0
932	4716.0
933	4770.0
934	4794.0
935	4829.0
936	4768.0
937	4870.0
938	4802.0
939	4745.0
940	4903.0
941	4827.0
942	4868.0
943	4908.0
944	4834.0
945	4849.0
946	4936.0
947	4823.0
948	4915.0
949	4944.0
950	4880.0
951	4926.0
952	4911.0
953	4994.0
954	4887.0
955	4976.0
956	4846.0
957	4936.0
958	5014.0
959	4970.0
960	5017.0
961	4955.0
962	4964.0
963	5042.0
964	4958.0
965	5050.0
966	5002.0
967	5024.0
968	5025.0
969	5027.0
970	5082.0
971	5018.0
972	4971.0
973	4960.0
974	5046.0
975	5050.0
976	4978.0
977	5031.0
978	5041.0
979	5105.0
980	5144.0
981	5114.0
982	5100.0
983	5070.0
984	5030.0
985	5058.0
986	5120.0
987	5113.0
988	5057.0
989	5088.0
990	5179.0
991	5107.0
992	5138.0
993	5102.0
994	5201.0
995	5095.0
996	5058.0
997	5192.0
998	5220.0
999	5174.0
1000	5215.0
