1	0.0
2	1.0
3	1.0
4	4.0
5	5.0
6	9.0
7	12.0
8	11.0
9	18.0
10	23.0
11	24.0
12	34.0
13	30.0
14	42.0
15	42.0
16	44.0
17	50.0
18	59.0
19	60.0
20	64.0
21	70.0
22	77.0
23	75.0
24	93.0
25	92.0
26	92.0
27	106.0
28	105.0
29	103.0
30	119.0
31	118.0
32	130.0
33	137.0
34	145.0
35	144.0
36	154.0
37	155.0
38	162.0
39	172.0
40	171.0
41	174.0
42	192.0
43	194.0
44	194.0
45	212.0
46	209.0
47	211.0
48	219.0
49	222.0
50	235.0
51	235.0
52	246.0
53	271.0
54	260.0
55	258.0
56	273.0
57	270.0
58	284.0
59	296.0
60	293.0
61	300.0
62	303.0
63	308.0
64	318.0
65	332.0
66	338.0
67	343.0
68	361.0
69	349.0
70	362.0
71	367.0
72	385.0
73	390.0
74	402.0
75	400.0
76	417.0
77	412.0
78	435.0
79	430.0
80	428.0
81	435.0
82	453.0
83	441.0
84	481.0
85	472.0
86	474.0
87	495.0
88	490.0
89	493.0
90	509.0
91	508.0
92	531.0
93	532.0
94	532.0
95	546.0
96	547.0
97	561.0
98	553.0
99	579.0
100	565.0
101	581.0
102	597.0
103	597.0
104	619.0
105	601.0
106	612.0
107	628.0
108	624.0
109	643.0
110	646.0
111	645.0
112	657.0
113	681.0
114	676.0
115	678.0
116	711.0
117	691.0
118	698.0
119	703.0
120	720.0
121	722.0
122	747.0
123	733.0
124	760.0
125	759.0
126	739.0
127	758.0
128	771.0
129	783.0
130	811.0
131	795.0
132	818.0
133	801.0
134	849.0
135	843.0
136	880.0
137	869.0
138	864.0
139	860.0
140	869.0
141	879.0
142	901.0
143	893.0
144	914.0
145	936.0
146	924.0
147	937.0
148	958.0
149	938.0
150	975.0
151	963.0
152	966.0
153	987.0
154	997.0
155	987.0
156	1012.0
157	1019.0
158	1029.0
159	1023.0
160	1041.0
161	1041.0
162	1060.0
163	1059.0
164	1059.0
165	1088.0
166	1094.0
167	1078.0
168	1101.0
169	1110.0
170	1105.0
171	1156.0
172	1137.0
173	1124.0
174	1153.0
175	1163.0
176	1179.0
177	1181.0
178	1181.0
179	1182.0
180	1179.0
181	1198.0
182	1236.0
183	1219.0
184	1223.0
185	1249.0
186	1253.0
187	1279.0
188	1279.0
189	1289.0
190	1289.0
191	1294.0
192	1310.0
193	1290.0
194	1323.0
195	1319.0
196	1352.0
197	1345.0
198	1361.0
199	1343.0
200	1378.0
201	1355.0
202	1367.0
203	1399.0
204	1417.0
205	1379.0
206	1420.0
207	1424.0
208	1442.0
209	1434.0
210	1452.0
211	1459.0
212	1451.0
213	1486.0
214	1469.0
215	1504.0
216	1479.0
217	1499.0
218	1508.0
219	1525.0
220	1527.0
221	1544.0
222	1566.0
223	1534.0
224	1569.0
225	1585.0
226	1548.0
227	1600.0
228	1611.0
229	1628.0
230	1634.0
231	1658.0
232	1603.0
233	1621.0
234	1646.0
235	1633.0
236	1649.0
237	1683.0
238	1680.0
239	1679.0
240	1690.0
241	1693.0
242	1696.0
243	1745.0
244	1748.0
245	1715.0
246	1772.0
247	1735.0
248	1753.0
249	1766.0
250	1802.0
251	1785.0
252	1810.0
253	1816.0
254	1802.0
255	1796.0
256	1808.0
257	1831.0
258	1846.0
259	1874.0
260	1857.0
261	1902.0
262	1882.0
263	1888.0
264	1907.0
265	1940.0
266	1906.0
267	1933.0
268	1942.0
269	1942.0
270	1938.0
271	1940.0
272	1987.0
273	1997.0
274	1999.0
275	2020.0
276	2006.0
277	2007.0
278	2066.0
279	1995.0
280	2038.0
281	2048.0
282	2077.0
283	2038.0
284	2095.0
285	2090.0
286	2120.0
287	2123.0
288	2094.0
289	2166.0
290	2135.0
291	2130.0
292	2148.0
293	2156.0
294	2179.0
295	2170.0
296	2215.0
297	2200.0
298	2204.0
299	2234.0
300	2241.0
301	2234.0
302	2252.0
303	2265.0
304	2287.0
305	2289.0
306	2277.0
307	2276.0
308	2308.0
309	2317.0
310	2324.0
311	2365.0
312	2324.0
313	2347.0
314	2340.0
315	2392.0
316	2374.0
317	2380.0
318	2411.0
319	2391.0
320	2421.0
321	2417.0
322	2437.0
323	2447.0
324	2463.0
325	2466.0
326	2453.0
327	2455.0
328	2520.0
329	2494.0
330	2484.0
331	2525.0
332	2530.0
333	2518.0
334	2549.0
335	2556.0
336	2557.0
337	2595.0
338	2574.0
339	2589.0
340	2639.0
341	2561.0
342	2625.0
343	2616.0
344	2671.0
345	2652.0
346	2693.0
347	2646.0
348	2683.0
349	2672.0
350	2674.0
351	2684.0
352	2733.0
353	2713.0
354	2699.0
355	2743.0
356	2732.0
357	2713.0
358	2758.0
359	2788.0
360	2792.0
361	2789.0
362	2799.0
363	2806.0
364	2789.0
365	2817.0
366	2812.0
367	2836.0
368	2824.0
369	2855.0
370	2848.0
371	2877.0
372	2923.0
373	2912.0
374	2903.0
375	2889.0
376	2929.0
377	2946.0
378	2946.0
379	2947.0
380	2978.0
381	2948.0
382	2994.0
383	2989.0
384	2984.0
385	3035.0
386	3049.0
387	3047.0
388	3042.0
389	3018.0
390	3083.0
391	3065.0
392	3081.0
393	3052.0
394	3075.0
395	3158.0
396	3128.0
397	3083.0
398	3150.0
399	3126.0
400	3132.0
401	3165.0
402	3146.0
403	3139.0
404	3201.0
405	3210.0
406	3203.0
407	3194.0
408	3269.0
409	3250.0
410	3255.0
411	3254.0
412	3268.0
413	3246.0
414	3246.0
415	3246.0
416	3312.0
417	3334.0
418	3324.0
419	3326.0
420	3347.0
421	3348.0
422	3373.0
423	3349.0
424	3348.0
425	3354.0
426	3406.0
427	3384.0
428	3410.0
429	3428.0
430	3379.0
431	3409.0
432	3462.0
433	3442.0
434	3465.0
435	3466.0
436	3485.0
437	3474.0
438	3487.0
439	3487.0
440	3500.0
441	3568.0
442	3543.0
443	3565.0
444	3540.0
445	3553.0
446	3622.0
447	3613.0
448	3555.0
449	3594.0
450	3605.0
451	3644.0
452	3627.0
453	3653.0
454	3647.0
455	3646.0
456	3690.0
457	3668.0
458	3634.0
459	3703.0
460	3700.0
461	3686.0
462	3756.0
463	3733.0
464	3671.0
465	3731.0
466	3760.0
467	3774.0
468	3793.0
469	3774.0
470	3781.0
471	3759.0
472	3823.0
473	3779.0
474	3876.0
475	3769.0
476	3841.0
477	3840.0
478	3838.0
479	3847.0
480	3864.0
481	3857.0
482	3904.0
483	3888.0
484	3899.0
485	3906.0
486	3928.0
487	3914.0
488	3956.0
489	3935.0
490	3939.0
491	4000.0
492	4006.0
493	3996.0
494	4035.0
495	4032.0
496	4002.0
497	4023.0
498	4034.0
499	4036.0
500	4093.0
501	4056.0
502	4088.0
503	4076.0
504	4119.0
505	4158.0
506	4117.0
507	4137.0
508	4136.0
509	4182.0
510	4177.0
511	4164.0
512	4180.0
513	4182.0
514	4252.0
515	4203.0
516	4257.0
517	4219.0
518	4207.0
519	4253.0
520	4241.0
521	4268.0
522	4284.0
523	4261.0
524	4291.0
525	4295.0
526	4370.0
527	4316.0
528	4357.0
529	4322.0
530	4367.0
531	4342.0
532	4372.0
533	4370.0
534	4411.0
535	4394.0
536	4421.0
537	4432.0
538	4455.0
539	4508.0
540	4453.0
541	4462.0
542	4467.0
543	4506.0
544	4493.0
545	4542.0
546	4536.0
547	4596.0
548	4558.0
549	4568.0
550	4572.0
551	4538.0
552	4649.0
553	4584.0
554	4610.0
555	4597.0
556	4637.0
557	4667.0
558	4714.0
559	4636.0
560	4662.0
561	4683.0
562	4714.0
563	4690.0
564	4703.0
565	4711.0
566	4741.0
567	4715.0
568	4723.0
569	4752.0
570	4811.0
571	4788.0
572	4758.0
573	4801.0
574	4812.0
575	4812.0
576	4848.0
577	4824.0
578	4864.0
579	4786.0
580	4892.0
581	4894.0
582	4878.0
583	4929.0
584	4918.0
585	4930.0
586	4971.0
587	4920.0
588	4956.0
589	4949.0
590	4962.0
591	4954.0
592	5010.0
593	5018.0
594	5049.0
595	5065.0
596	5004.0
597	5014.0
598	5050.0
599	5059.0
600	5081.0
601	5077.0
602	5060.0
603	5120.0
604	5102.0
605	5165.0
606	5119.0
607	5123.0
608	5146.0
609	5188.0
610	5189.0
611	5208.0
612	5162.0
613	5177.0
614	5180.0
615	5258.0
616	5266.0
617	5263.0
618	5228.0
619	5236.0
620	5293.0
621	5252.0
622	5310.0
623	5295.0
624	5352.0
625	5359.0
626	5318.0
627	5377.0
628	5386.0
629	5357.0
630	5422.0
631	5353.0
632	5480.0
633	5411.0
634	5430.0
635	5387.0
636	5442.0
637	5460.0
638	5480.0
639	5478.0
640	5482.0
641	5493.0
642	5503.0
643	5496.0
644	5522.0
645	5505.0
646	5557.0
647	5580.0
648	5559.0
649	5573.0
650	5564.0
651	5661.0
652	5652.0
653	5640.0
654	5623.0
655	5607.0
656	5645.0
657	5634.0
658	5664.0
659	5696.0
660	5692.0
661	5670.0
662	5727.0
663	5739.0
664	5721.0
665	5791.0
666	5763.0
667	5727.0
668	5764.0
669	5796.0
670	5790.0
671	5816.0
672	5858.0
673	5832.0
674	5850.0
675	5827.0
676	5828.0
677	5875.0
678	5867.0
679	5915.0
680	5911.0
681	5904.0
682	5914.0
683	5949.0
684	5956.0
685	5931.0
686	5915.0
687	5899.0
688	5934.0
689	5997.0
690	5999.0
691	5995.0
692	6039.0
693	6008.0
694	6061.0
695	6019.0
696	6063.0
697	6106.0
698	6060.0
699	6087.0
700	6126.0
701	6095.0
702	6136.0
703	6068.0
704	6128.0
705	6145.0
706	6126.0
707	6160.0
708	6171.0
709	6242.0
710	6184.0
711	6169.0
712	6251.0
713	6246.0
714	6229.0
715	6260.0
716	6265.0
717	6221.0
718	6299.0
719	6239.0
720	6242.0
721	6297.0
722	6309.0
723	6311.0
724	6370.0
725	6312.0
726	6334.0
727	6356.0
728	6380.0
729	6351.0
730	6428.0
731	6404.0
732	6445.0
733	6453.0
734	6440.0
735	6403.0
736	6484.0
737	6480.0
738	6496.0
739	6471.0
740	6503.0
741	6565.0
742	6555.0
743	6482.0
744	6561.0
745	6504.0
746	6590.0
747	6536.0
748	6566.0
749	6625.0
750	6541.0
751	6601.0
752	6649.0
753	6606.0
754	6681.0
755	6657.0
756	6618.0
757	6702.0
758	6677.0
759	6697.0
760	6698.0
761	6717.0
762	6735.0
763	6794.0
764	6797.0
765	6752.0
766	6753.0
767	6719.0
768	6766.0
769	6828.0
770	6787.0
771	6770.0
772	6873.0
773	6816.0
774	6874.0
775	6868.0
776	6848.0
777	6864.0
778	6918.0
779	6905.0
780	6911.0
781	6865.0
782	6953.0
783	6946.0
784	6901.0
785	6928.0
786	6953.0
787	6996.0
788	7019.0
789	7021.0
790	7020.0
791	6996.0
792	7021.0
793	7028.0
794	7110.0
795	7074.0
796	7064.0
797	7102.0
798	7125.0
799	7127.0
800	7085.0
801	7043.0
802	7144.0
803	7153.0
804	7136.0
805	7181.0
806	7183.0
807	7169.0
808	7142.0
809	7242.0
810	7284.0
811	7245.0
812	7200.0
813	7199.0
814	7275.0
815	7305.0
816	7276.0
817	7270.0
818	7286.0
819	7314.0
820	7313.0
821	7292.0
822	7401.0
823	7333.0
824	7330.0
825	7435.0
826	7425.0
827	7371.0
828	7380.0
829	7407.0
830	7372.0
831	7390.0
832	7466.0
833	7445.0
834	7452.0
835	7463.0
836	7513.0
837	7487.0
838	7509.0
839	7469.0
840	7473.0
841	7536.0
842	7512.0
843	7546.0
844	7529.0
845	7606.0
846	7558.0
847	7602.0
848	7604.0
849	7609.0
850	7650.0
851	7599.0
852	7639.0
853	7661.0
854	7704.0
855	7665.0
856	7684.0
857	7687.0
858	7671.0
859	7677.0
860	7715.0
861	7718.0
862	7748.0
863	7742.0
864	7725.0
865	7779.0
866	7861.0
867	7798.0
868	7801.0
869	7842.0
870	7833.0
871	7845.0
872	7805.0
873	7845.0
874	7880.0
875	7844.0
876	7897.0
877	7812.0
878	7875.0
879	7914.0
880	7982.0
881	7930.0
882	7962.0
883	7930.0
884	7941.0
885	7903.0
886	7979.0
887	8005.0
888	8057.0
889	8042.0
890	8038.0
891	8032.0
892	8030.0
893	8017.0
894	8081.0
895	8041.0
896	8124.0
897	8106.0
898	8134.0
899	8081.0
900	8098.0
901	8154.0
902	8131.0
903	8111.0
904	8149.0
905	8167.0
906	8233.0
907	8178.0
908	8236.0
909	8244.0
910	8209.0
911	8254.0
912	8245.0
913	8262.0
914	8312.0
915	8273.0
916	8292.0
917	8244.0
918	8362.0
919	8333.0
920	8406.0
921	8399.0
922	8408.0
923	8402.0
924	8402.0
925	8417.0
926	8472.0
927	8384.0
928	8429.0
929	8407.0
930	8476.0
931	8384.0
932	8451.0
933	8487.0
934	8465.0
935	8472.0
936	8465.0
937	8421.0
938	8499.0
939	8604.0
940	8528.0
941	8559.0
942	8548.0
943	8572.0
944	8596.0
945	8594.0
946	8657.0
947	8604.0
948	8558.0
949	8621.0
950	8604.0
951	8639.0
952	8640.0
953	8713.0
954	8669.0
955	8664.0
956	8705.0
957	8683.0
958	8750.0
959	8755.0
960	8754.0
961	8789.0
962	8723.0
963	8803.0
964	8750.0
965	8815.0
966	8833.0
967	8771.0
968	8830.0
969	8854.0
970	8892.0
971	8823.0
972	8851.0
973	8864.0
974	8989.0
975	8912.0
976	8937.0
977	8928.0
978	8948.0
979	8906.0
980	8962.0
981	8960.0
982	8918.0
983	8955.0
984	8983.0
985	9017.0
986	9059.0
987	9017.0
988	9044.0
989	9004.0
990	9071.0
991	9031.0
992	9092.0
993	9013.0
994	9075.0
995	9114.0
996	9096.0
997	9085.0
998	9142.0
999	9126.0
1000	9184.0
