1	0.0
2	2.0
3	5.0
4	8.0
5	12.0
6	16.0
7	20.0
8	24.0
9	29.0
10	34.0
11	39.0
12	44.0
13	49.0
14	54.0
15	59.0
16	64.0
17	70.0
18	76.0
19	82.0
20	88.0
21	94.0
22	100.0
23	106.0
24	112.0
25	118.0
26	124.0
27	130.0
28	136.0
29	142.0
30	148.0
31	154.0
32	160.0
33	167.0
34	174.0
35	181.0
36	188.0
37	195.0
38	202.0
39	209.0
40	216.0
41	223.0
42	230.0
43	237.0
44	244.0
45	251.0
46	258.0
47	265.0
48	272.0
49	279.0
50	286.0
51	293.0
52	300.0
53	307.0
54	314.0
55	321.0
56	328.0
57	335.0
58	342.0
59	349.0
60	356.0
61	363.0
62	370.0
63	377.0
64	384.0
65	392.0
66	400.0
67	408.0
68	416.0
69	424.0
70	432.0
71	440.0
72	448.0
73	456.0
74	464.0
75	472.0
76	480.0
77	488.0
78	496.0
79	504.0
80	512.0
81	520.0
82	528.0
83	536.0
84	544.0
85	552.0
86	560.0
87	568.0
88	576.0
89	584.0
90	592.0
91	600.0
92	608.0
93	616.0
94	624.0
95	632.0
96	640.0
97	648.0
98	656.0
99	664.0
100	672.0
101	680.0
102	688.0
103	696.0
104	704.0
105	712.0
106	720.0
107	728.0
108	736.0
109	744.0
110	752.0
111	760.0
112	768.0
113	776.0
114	784.0
115	792.0
116	800.0
117	808.0
118	816.0
119	824.0
120	832.0
121	840.0
122	848.0
123	856.0
124	864.0
125	872.0
126	880.0
127	888.0
128	896.0
129	905.0
130	914.0
131	923.0
132	932.0
133	941.0
134	950.0
135	959.0
136	968.0
137	977.0
138	986.0
139	995.0
140	1004.0
141	1013.0
142	1022.0
143	1031.0
144	1040.0
145	1049.0
146	1058.0
147	1067.0
148	1076.0
149	1085.0
150	1094.0
151	1103.0
152	1112.0
153	1121.0
154	1130.0
155	1139.0
156	1148.0
157	1157.0
158	1166.0
159	1175.0
160	1184.0
161	1193.0
162	1202.0
163	1211.0
164	1220.0
165	1229.0
166	1238.0
167	1247.0
168	1256.0
169	1265.0
170	1274.0
171	1283.0
172	1292.0
173	1301.0
174	1310.0
175	1319.0
176	1328.0
177	1337.0
178	1346.0
179	1355.0
180	1364.0
181	1373.0
182	1382.0
183	1391.0
184	1400.0
185	1409.0
186	1418.0
187	1427.0
188	1436.0
189	1445.0
190	1454.0
191	1463.0
192	1472.0
193	1481.0
194	1490.0
195	1499.0
196	1508.0
197	1517.0
198	1526.0
199	1535.0
200	1544.0
201	1553.0
202	1562.0
203	1571.0
204	1580.0
205	1589.0
206	1598.0
207	1607.0
208	1616.0
209	1625.0
210	1634.0
211	1643.0
212	1652.0
213	1661.0
214	1670.0
215	1679.0
216	1688.0
217	1697.0
218	1706.0
219	1715.0
220	1724.0
221	1733.0
222	1742.0
223	1751.0
224	1760.0
225	1769.0
226	1778.0
227	1787.0
228	1796.0
229	1805.0
230	1814.0
231	1823.0
232	1832.0
233	1841.0
234	1850.0
235	1859.0
236	1868.0
237	1877.0
238	1886.0
239	1895.0
240	1904.0
241	1913.0
242	1922.0
243	1931.0
244	1940.0
245	1949.0
246	1958.0
247	1967.0
248	1976.0
249	1985.0
250	1994.0
251	2003.0
252	2012.0
253	2021.0
254	2030.0
255	2039.0
256	2048.0
257	2058.0
258	2068.0
259	2078.0
260	2088.0
261	2098.0
262	2108.0
263	2118.0
264	2128.0
265	2138.0
266	2148.0
267	2158.0
268	2168.0
269	2178.0
270	2188.0
271	2198.0
272	2208.0
273	2218.0
274	2228.0
275	2238.0
276	2248.0
277	2258.0
278	2268.0
279	2278.0
280	2288.0
281	2298.0
282	2308.0
283	2318.0
284	2328.0
285	2338.0
286	2348.0
287	2358.0
288	2368.0
289	2378.0
290	2388.0
291	2398.0
292	2408.0
293	2418.0
294	2428.0
295	2438.0
296	2448.0
297	2458.0
298	2468.0
299	2478.0
300	2488.0
301	2498.0
302	2508.0
303	2518.0
304	2528.0
305	2538.0
306	2548.0
307	2558.0
308	2568.0
309	2578.0
310	2588.0
311	2598.0
312	2608.0
313	2618.0
314	2628.0
315	2638.0
316	2648.0
317	2658.0
318	2668.0
319	2678.0
320	2688.0
321	2698.0
322	2708.0
323	2718.0
324	2728.0
325	2738.0
326	2748.0
327	2758.0
328	2768.0
329	2778.0
330	2788.0
331	2798.0
332	2808.0
333	2818.0
334	2828.0
335	2838.0
336	2848.0
337	2858.0
338	2868.0
339	2878.0
340	2888.0
341	2898.0
342	2908.0
343	2918.0
344	2928.0
345	2938.0
346	2948.0
347	2958.0
348	2968.0
349	2978.0
350	2988.0
351	2998.0
352	3008.0
353	3018.0
354	3028.0
355	3038.0
356	3048.0
357	3058.0
358	3068.0
359	3078.0
360	3088.0
361	3098.0
362	3108.0
363	3118.0
364	3128.0
365	3138.0
366	3148.0
367	3158.0
368	3168.0
369	3178.0
370	3188.0
371	3198.0
372	3208.0
373	3218.0
374	3228.0
375	3238.0
376	3248.0
377	3258.0
378	3268.0
379	3278.0
380	3288.0
381	3298.0
382	3308.0
383	3318.0
384	3328.0
385	3338.0
386	3348.0
387	3358.0
388	3368.0
389	3378.0
390	3388.0
391	3398.0
392	3408.0
393	3418.0
394	3428.0
395	3438.0
396	3448.0
397	3458.0
398	3468.0
399	3478.0
400	3488.0
401	3498.0
402	3508.0
403	3518.0
404	3528.0
405	3538.0
406	3548.0
407	3558.0
408	3568.0
409	3578.0
410	3588.0
411	3598.0
412	3608.0
413	3618.0
414	3628.0
415	3638.0
416	3648.0
417	3658.0
418	3668.0
419	3678.0
420	3688.0
421	3698.0
422	3708.0
423	3718.0
424	3728.0
425	3738.0
426	3748.0
427	3758.0
428	3768.0
429	3778.0
430	3788.0
431	3798.0
432	3808.0
433	3818.0
434	3828.0
435	3838.0
436	3848.0
437	3858.0
438	3868.0
439	3878.0
440	3888.0
441	3898.0
442	3908.0
443	3918.0
444	3928.0
445	3938.0
446	3948.0
447	3958.0
448	3968.0
449	3978.0
450	3988.0
451	3998.0
452	4008.0
453	4018.0
454	4028.0
455	4038.0
456	4048.0
457	4058.0
458	4068.0
459	4078.0
460	4088.0
461	4098.0
462	4108.0
463	4118.0
464	4128.0
465	4138.0
466	4148.0
467	4158.0
468	4168.0
469	4178.0
470	4188.0
471	4198.0
472	4208.0
473	4218.0
474	4228.0
475	4238.0
476	4248.0
477	4258.0
478	4268.0
479	4278.0
480	4288.0
481	4298.0
482	4308.0
483	4318.0
484	4328.0
485	4338.0
486	4348.0
487	4358.0
488	4368.0
489	4378.0
490	4388.0
491	4398.0
492	4408.0
493	4418.0
494	4428.0
495	4438.0
496	4448.0
497	4458.0
498	4468.0
499	4478.0
500	4488.0
501	4498.0
502	4508.0
503	4518.0
504	4528.0
505	4538.0
506	4548.0
507	4558.0
508	4568.0
509	4578.0
510	4588.0
511	4598.0
512	4608.0
513	4619.0
514	4630.0
515	4641.0
516	4652.0
517	4663.0
518	4674.0
519	4685.0
520	4696.0
521	4707.0
522	4718.0
523	4729.0
524	4740.0
525	4751.0
526	4762.0
527	4773.0
528	4784.0
529	4795.0
530	4806.0
531	4817.0
532	4828.0
533	4839.0
534	4850.0
535	4861.0
536	4872.0
537	4883.0
538	4894.0
539	4905.0
540	4916.0
541	4927.0
542	4938.0
543	4949.0
544	4960.0
545	4971.0
546	4982.0
547	4993.0
548	5004.0
549	5015.0
550	5026.0
551	5037.0
552	5048.0
553	5059.0
554	5070.0
555	5081.0
556	5092.0
557	5103.0
558	5114.0
559	5125.0
560	5136.0
561	5147.0
562	5158.0
563	5169.0
564	5180.0
565	5191.0
566	5202.0
567	5213.0
568	5224.0
569	5235.0
570	5246.0
571	5257.0
572	5268.0
573	5279.0
574	5290.0
575	5301.0
576	5312.0
577	5323.0
578	5334.0
579	5345.0
580	5356.0
581	5367.0
582	5378.0
583	5389.0
584	5400.0
585	5411.0
586	5422.0
587	5433.0
588	5444.0
589	5455.0
590	5466.0
591	5477.0
592	5488.0
593	5499.0
594	5510.0
595	5521.0
596	5532.0
597	5543.0
598	5554.0
599	5565.0
600	5576.0
601	5587.0
602	5598.0
603	5609.0
604	5620.0
605	5631.0
606	5642.0
607	5653.0
608	5664.0
609	5675.0
610	5686.0
611	5697.0
612	5708.0
613	5719.0
614	5730.0
615	5741.0
616	5752.0
617	5763.0
618	5774.0
619	5785.0
620	5796.0
621	5807.0
622	5818.0
623	5829.0
624	5840.0
625	5851.0
626	5862.0
627	5873.0
628	5884.0
629	5895.0
630	5906.0
631	5917.0
632	5928.0
633	5939.0
634	5950.0
635	5961.0
636	5972.0
637	5983.0
638	5994.0
639	6005.0
640	6016.0
641	6027.0
642	6038.0
643	6049.0
644	6060.0
645	6071.0
646	6082.0
647	6093.0
648	6104.0
649	6115.0
650	6126.0
651	6137.0
652	6148.0
653	6159.0
654	6170.0
655	6181.0
656	6192.0
657	6203.0
658	6214.0
659	6225.0
660	6236.0
661	6247.0
662	6258.0
663	6269.0
664	6280.0
665	6291.0
666	6302.0
667	6313.0
668	6324.0
669	6335.0
670	6346.0
671	6357.0
672	6368.0
673	6379.0
674	6390.0
675	6401.0
676	6412.0
677	6423.0
678	6434.0
679	6445.0
680	6456.0
681	6467.0
682	6478.0
683	6489.0
684	6500.0
685	6511.0
686	6522.0
687	6533.0
688	6544.0
689	6555.0
690	6566.0
691	6577.0
692	6588.0
693	6599.0
694	6610.0
695	6621.0
696	6632.0
697	6643.0
698	6654.0
699	6665.0
700	6676.0
701	6687.0
702	6698.0
703	6709.0
704	6720.0
705	6731.0
706	6742.0
707	6753.0
708	6764.0
709	6775.0
710	6786.0
711	6797.0
712	6808.0
713	6819.0
714	6830.0
715	6841.0
716	6852.0
717	6863.0
718	6874.0
719	6885.0
720	6896.0
721	6907.0
722	6918.0
723	6929.0
724	6940.0
725	6951.0
726	6962.0
727	6973.0
728	6984.0
729	6995.0
730	7006.0
731	7017.0
732	7028.0
733	7039.0
734	7050.0
735	7061.0
736	7072.0
737	7083.0
738	7094.0
739	7105.0
740	7116.0
741	7127.0
742	7138.0
743	7149.0
744	7160.0
745	7171.0
746	7182.0
747	7193.0
748	7204.0
749	7215.0
750	7226.0
751	7237.0
752	7248.0
753	7259.0
754	7270.0
755	7281.0
756	7292.0
757	7303.0
758	7314.0
759	7325.0
760	7336.0
761	7347.0
762	7358.0
763	7369.0
764	7380.0
765	7391.0
766	7402.0
767	7413.0
768	7424.0
769	7435.0
770	7446.0
771	7457.0
772	7468.0
773	7479.0
774	7490.0
775	7501.0
776	7512.0
777	7523.0
778	7534.0
779	7545.0
780	7556.0
781	7567.0
782	7578.0
783	7589.0
784	7600.0
785	7611.0
786	7622.0
787	7633.0
788	7644.0
789	7655.0
790	7666.0
791	7677.0
792	7688.0
793	7699.0
794	7710.0
795	7721.0
796	7732.0
797	7743.0
798	7754.0
799	7765.0
800	7776.0
801	7787.0
802	7798.0
803	7809.0
804	7820.0
805	7831.0
806	7842.0
807	7853.0
808	7864.0
809	7875.0
810	7886.0
811	7897.0
812	7908.0
813	7919.0
814	7930.0
815	7941.0
816	7952.0
817	7963.0
818	7974.0
819	7985.0
820	7996.0
821	8007.0
822	8018.0
823	8029.0
824	8040.0
825	8051.0
826	8062.0
827	8073.0
828	8084.0
829	8095.0
830	8106.0
831	8117.0
832	8128.0
833	8139.0
834	8150.0
835	8161.0
836	8172.0
837	8183.0
838	8194.0
839	8205.0
840	8216.0
841	8227.0
842	8238.0
843	8249.0
844	8260.0
845	8271.0
846	8282.0
847	8293.0
848	8304.0
849	8315.0
850	8326.0
851	8337.0
852	8348.0
853	8359.0
854	8370.0
855	8381.0
856	8392.0
857	8403.0
858	8414.0
859	8425.0
860	8436.0
861	8447.0
862	8458.0
863	8469.0
864	8480.0
865	8491.0
866	8502.0
867	8513.0
868	8524.0
869	8535.0
870	8546.0
871	8557.0
872	8568.0
873	8579.0
874	8590.0
875	8601.0
876	8612.0
877	8623.0
878	8634.0
879	8645.0
880	8656.0
881	8667.0
882	8678.0
883	8689.0
884	8700.0
885	8711.0
886	8722.0
887	8733.0
888	8744.0
889	8755.0
890	8766.0
891	8777.0
892	8788.0
893	8799.0
894	8810.0
895	8821.0
896	8832.0
897	8843.0
898	8854.0
899	8865.0
900	8876.0
901	8887.0
902	8898.0
903	8909.0
904	8920.0
905	8931.0
906	8942.0
907	8953.0
908	8964.0
909	8975.0
910	8986.0
911	8997.0
912	9008.0
913	9019.0
914	9030.0
915	9041.0
916	9052.0
917	9063.0
918	9074.0
919	9085.0
920	9096.0
921	9107.0
922	9118.0
923	9129.0
924	9140.0
925	9151.0
926	9162.0
927	9173.0
928	9184.0
929	9195.0
930	9206.0
931	9217.0
932	9228.0
933	9239.0
934	9250.0
935	9261.0
936	9272.0
937	9283.0
938	9294.0
939	9305.0
940	9316.0
941	9327.0
942	9338.0
943	9349.0
944	9360.0
945	9371.0
946	9382.0
947	9393.0
948	9404.0
949	9415.0
950	9426.0
951	9437.0
952	9448.0
953	9459.0
954	9470.0
955	9481.0
956	9492.0
957	9503.0
958	9514.0
959	9525.0
960	9536.0
961	9547.0
962	9558.0
963	9569.0
964	9580.0
965	9591.0
966	9602.0
967	9613.0
968	9624.0
969	9635.0
970	9646.0
971	9657.0
972	9668.0
973	9679.0
974	9690.0
975	9701.0
976	9712.0
977	9723.0
978	9734.0
979	9745.0
980	9756.0
981	9767.0
982	9778.0
983	9789.0
984	9800.0
985	9811.0
986	9822.0
987	9833.0
988	9844.0
989	9855.0
990	9866.0
991	9877.0
992	9888.0
993	9899.0
994	9910.0
995	9921.0
996	9932.0
997	9943.0
998	9954.0
999	9965.0
1000	9976.0
