1	0.0
2	2.0
3	5.0
4	10.0
5	16.0
6	24.0
7	33.0
8	44.0
9	56.0
10	70.0
11	85.0
12	102.0
13	120.0
14	140.0
15	161.0
16	184.0
17	208.0
18	234.0
19	261.0
20	290.0
21	320.0
22	352.0
23	385.0
24	420.0
25	456.0
26	494.0
27	533.0
28	574.0
29	616.0
30	660.0
31	705.0
32	752.0
33	800.0
34	850.0
35	901.0
36	954.0
37	1008.0
38	1064.0
39	1121.0
40	1180.0
41	1240.0
42	1302.0
43	1365.0
44	1430.0
45	1496.0
46	1564.0
47	1633.0
48	1704.0
49	1776.0
50	1850.0
51	1925.0
52	2002.0
53	2080.0
54	2160.0
55	2241.0
56	2324.0
57	2408.0
58	2494.0
59	2581.0
60	2670.0
61	2760.0
62	2852.0
63	2945.0
64	3040.0
65	3136.0
66	3234.0
67	3333.0
68	3434.0
69	3536.0
70	3640.0
71	3745.0
72	3852.0
73	3960.0
74	4070.0
75	4181.0
76	4294.0
77	4408.0
78	4524.0
79	4641.0
80	4760.0
81	4880.0
82	5002.0
83	5125.0
84	5250.0
85	5376.0
86	5504.0
87	5633.0
88	5764.0
89	5896.0
90	6030.0
91	6165.0
92	6302.0
93	6440.0
94	6580.0
95	6721.0
96	6864.0
97	7008.0
98	7154.0
99	7301.0
100	7450.0
101	7600.0
102	7752.0
103	7905.0
104	8060.0
105	8216.0
106	8374.0
107	8533.0
108	8694.0
109	8856.0
110	9020.0
111	9185.0
112	9352.0
113	9520.0
114	9690.0
115	9861.0
116	10034.0
117	10208.0
118	10384.0
119	10561.0
120	10740.0
121	10920.0
122	11102.0
123	11285.0
124	11470.0
125	11656.0
126	11844.0
127	12033.0
128	12224.0
129	12416.0
130	12610.0
131	12805.0
132	13002.0
133	13200.0
134	13400.0
135	13601.0
136	13804.0
137	14008.0
138	14214.0
139	14421.0
140	14630.0
141	14840.0
142	15052.0
143	15265.0
144	15480.0
145	15696.0
146	15914.0
147	16133.0
148	16354.0
149	16576.0
150	16800.0
151	17025.0
152	17252.0
153	17480.0
154	17710.0
155	17941.0
156	18174.0
157	18408.0
158	18644.0
159	18881.0
160	19120.0
161	19360.0
162	19602.0
163	19845.0
164	20090.0
165	20336.0
166	20584.0
167	20833.0
168	21084.0
169	21336.0
170	21590.0
171	21845.0
172	22102.0
173	22360.0
174	22620.0
175	22881.0
176	23144.0
177	23408.0
178	23674.0
179	23941.0
180	24210.0
181	24480.0
182	24752.0
183	25025.0
184	25300.0
185	25576.0
186	25854.0
187	26133.0
188	26414.0
189	26696.0
190	26980.0
191	27265.0
192	27552.0
193	27840.0
194	28130.0
195	28421.0
196	28714.0
197	29008.0
198	29304.0
199	29601.0
200	29900.0
201	30200.0
202	30502.0
203	30805.0
204	31110.0
205	31416.0
206	31724.0
207	32033.0
208	32344.0
209	32656.0
210	32970.0
211	33285.0
212	33602.0
213	33920.0
214	34240.0
215	34561.0
216	34884.0
217	35208.0
218	35534.0
219	35861.0
220	36190.0
221	36520.0
222	36852.0
223	37185.0
224	37520.0
225	37856.0
226	38194.0
227	38533.0
228	38874.0
229	39216.0
230	39560.0
231	39905.0
232	40252.0
233	40600.0
234	40950.0
235	41301.0
236	41654.0
237	42008.0
238	42364.0
239	42721.0
240	43080.0
241	43440.0
242	43802.0
243	44165.0
244	44530.0
245	44896.0
246	45264.0
247	45633.0
248	46004.0
249	46376.0
250	46750.0
251	47125.0
252	47502.0
253	47880.0
254	48260.0
255	48641.0
256	49024.0
257	49408.0
258	49794.0
259	50181.0
260	50570.0
261	50960.0
262	51352.0
263	51745.0
264	52140.0
265	52536.0
266	52934.0
267	53333.0
268	53734.0
269	54136.0
270	54540.0
271	54945.0
272	55352.0
273	55760.0
274	56170.0
275	56581.0
276	56994.0
277	57408.0
278	57824.0
279	58241.0
280	58660.0
281	59080.0
282	59502.0
283	59925.0
284	60350.0
285	60776.0
286	61204.0
287	61633.0
288	62064.0
289	62496.0
290	62930.0
291	63365.0
292	63802.0
293	64240.0
294	64680.0
295	65121.0
296	65564.0
297	66008.0
298	66454.0
299	66901.0
300	67350.0
301	67800.0
302	68252.0
303	68705.0
304	69160.0
305	69616.0
306	70074.0
307	70533.0
308	70994.0
309	71456.0
310	71920.0
311	72385.0
312	72852.0
313	73320.0
314	73790.0
315	74261.0
316	74734.0
317	75208.0
318	75684.0
319	76161.0
320	76640.0
321	77120.0
322	77602.0
323	78085.0
324	78570.0
325	79056.0
326	79544.0
327	80033.0
328	80524.0
329	81016.0
330	81510.0
331	82005.0
332	82502.0
333	83000.0
334	83500.0
335	84001.0
336	84504.0
337	85008.0
338	85514.0
339	86021.0
340	86530.0
341	87040.0
342	87552.0
343	88065.0
344	88580.0
345	89096.0
346	89614.0
347	90133.0
348	90654.0
349	91176.0
350	91700.0
351	92225.0
352	92752.0
353	93280.0
354	93810.0
355	94341.0
356	94874.0
357	95408.0
358	95944.0
359	96481.0
360	97020.0
361	97560.0
362	98102.0
363	98645.0
364	99190.0
365	99736.0
366	100284.0
367	100833.0
368	101384.0
369	101936.0
370	102490.0
371	103045.0
372	103602.0
373	104160.0
374	104720.0
375	105281.0
376	105844.0
377	106408.0
378	106974.0
379	107541.0
380	108110.0
381	108680.0
382	109252.0
383	109825.0
384	110400.0
385	110976.0
386	111554.0
387	112133.0
388	112714.0
389	113296.0
390	113880.0
391	114465.0
392	115052.0
393	115640.0
394	116230.0
395	116821.0
396	117414.0
397	118008.0
398	118604.0
399	119201.0
400	119800.0
401	120400.0
402	121002.0
403	121605.0
404	122210.0
405	122816.0
406	123424.0
407	124033.0
408	124644.0
409	125256.0
410	125870.0
411	126485.0
412	127102.0
413	127720.0
414	128340.0
415	128961.0
416	129584.0
417	130208.0
418	130834.0
419	131461.0
420	132090.0
421	132720.0
422	133352.0
423	133985.0
424	134620.0
425	135256.0
426	135894.0
427	136533.0
428	137174.0
429	137816.0
430	138460.0
431	139105.0
432	139752.0
433	140400.0
434	141050.0
435	141701.0
436	142354.0
437	143008.0
438	143664.0
439	144321.0
440	144980.0
441	145640.0
442	146302.0
443	146965.0
444	147630.0
445	148296.0
446	148964.0
447	149633.0
448	150304.0
449	150976.0
450	151650.0
451	152325.0
452	153002.0
453	153680.0
454	154360.0
455	155041.0
456	155724.0
457	156408.0
458	157094.0
459	157781.0
460	158470.0
461	159160.0
462	159852.0
463	160545.0
464	161240.0
465	161936.0
466	162634.0
467	163333.0
468	164034.0
469	164736.0
470	165440.0
471	166145.0
472	166852.0
473	167560.0
474	168270.0
475	168981.0
476	169694.0
477	170408.0
478	171124.0
479	171841.0
480	172560.0
481	173280.0
482	174002.0
483	174725.0
484	175450.0
485	176176.0
486	176904.0
487	177633.0
488	178364.0
489	179096.0
490	179830.0
491	180565.0
492	181302.0
493	182040.0
494	182780.0
495	183521.0
496	184264.0
497	185008.0
498	185754.0
499	186501.0
500	187250.0
501	188000.0
502	188752.0
503	189505.0
504	190260.0
505	191016.0
506	191774.0
507	192533.0
508	193294.0
509	194056.0
510	194820.0
511	195585.0
512	196352.0
513	197120.0
514	197890.0
515	198661.0
516	199434.0
517	200208.0
518	200984.0
519	201761.0
520	202540.0
521	203320.0
522	204102.0
523	204885.0
524	205670.0
525	206456.0
526	207244.0
527	208033.0
528	208824.0
529	209616.0
530	210410.0
531	211205.0
532	212002.0
533	212800.0
534	213600.0
535	214401.0
536	215204.0
537	216008.0
538	216814.0
539	217621.0
540	218430.0
541	219240.0
542	220052.0
543	220865.0
544	221680.0
545	222496.0
546	223314.0
547	224133.0
548	224954.0
549	225776.0
550	226600.0
551	227425.0
552	228252.0
553	229080.0
554	229910.0
555	230741.0
556	231574.0
557	232408.0
558	233244.0
559	234081.0
560	234920.0
561	235760.0
562	236602.0
563	237445.0
564	238290.0
565	239136.0
566	239984.0
567	240833.0
568	241684.0
569	242536.0
570	243390.0
571	244245.0
572	245102.0
573	245960.0
574	246820.0
575	247681.0
576	248544.0
577	249408.0
578	250274.0
579	251141.0
580	252010.0
581	252880.0
582	253752.0
583	254625.0
584	255500.0
585	256376.0
586	257254.0
587	258133.0
588	259014.0
589	259896.0
590	260780.0
591	261665.0
592	262552.0
593	263440.0
594	264330.0
595	265221.0
596	266114.0
597	267008.0
598	267904.0
599	268801.0
600	269700.0
601	270600.0
602	271502.0
603	272405.0
604	273310.0
605	274216.0
606	275124.0
607	276033.0
608	276944.0
609	277856.0
610	278770.0
611	279685.0
612	280602.0
613	281520.0
614	282440.0
615	283361.0
616	284284.0
617	285208.0
618	286134.0
619	287061.0
620	287990.0
621	288920.0
622	289852.0
623	290785.0
624	291720.0
625	292656.0
626	293594.0
627	294533.0
628	295474.0
629	296416.0
630	297360.0
631	298305.0
632	299252.0
633	300200.0
634	301150.0
635	302101.0
636	303054.0
637	304008.0
638	304964.0
639	305921.0
640	306880.0
641	307840.0
642	308802.0
643	309765.0
644	310730.0
645	311696.0
646	312664.0
647	313633.0
648	314604.0
649	315576.0
650	316550.0
651	317525.0
652	318502.0
653	319480.0
654	320460.0
655	321441.0
656	322424.0
657	323408.0
658	324394.0
659	325381.0
660	326370.0
661	327360.0
662	328352.0
663	329345.0
664	330340.0
665	331336.0
666	332334.0
667	333333.0
668	334334.0
669	335336.0
670	336340.0
671	337345.0
672	338352.0
673	339360.0
674	340370.0
675	341381.0
676	342394.0
677	343408.0
678	344424.0
679	345441.0
680	346460.0
681	347480.0
682	348502.0
683	349525.0
684	350550.0
685	351576.0
686	352604.0
687	353633.0
688	354664.0
689	355696.0
690	356730.0
691	357765.0
692	358802.0
693	359840.0
694	360880.0
695	361921.0
696	362964.0
697	364008.0
698	365054.0
699	366101.0
700	367150.0
701	368200.0
702	369252.0
703	370305.0
704	371360.0
705	372416.0
706	373474.0
707	374533.0
708	375594.0
709	376656.0
710	377720.0
711	378785.0
712	379852.0
713	380920.0
714	381990.0
715	383061.0
716	384134.0
717	385208.0
718	386284.0
719	387361.0
720	388440.0
721	389520.0
722	390602.0
723	391685.0
724	392770.0
725	393856.0
726	394944.0
727	396033.0
728	397124.0
729	398216.0
730	399310.0
731	400405.0
732	401502.0
733	402600.0
734	403700.0
735	404801.0
736	405904.0
737	407008.0
738	408114.0
739	409221.0
740	410330.0
741	411440.0
742	412552.0
743	413665.0
744	414780.0
745	415896.0
746	417014.0
747	418133.0
748	419254.0
749	420376.0
750	421500.0
751	422625.0
752	423752.0
753	424880.0
754	426010.0
755	427141.0
756	428274.0
757	429408.0
758	430544.0
759	431681.0
760	432820.0
761	433960.0
762	435102.0
763	436245.0
764	437390.0
765	438536.0
766	439684.0
767	440833.0
768	441984.0
769	443136.0
770	444290.0
771	445445.0
772	446602.0
773	447760.0
774	448920.0
775	450081.0
776	451244.0
777	452408.0
778	453574.0
779	454741.0
780	455910.0
781	457080.0
782	458252.0
783	459425.0
784	460600.0
785	461776.0
786	462954.0
787	464133.0
788	465314.0
789	466496.0
790	467680.0
791	468865.0
792	470052.0
793	471240.0
794	472430.0
795	473621.0
796	474814.0
797	476008.0
798	477204.0
799	478401.0
800	479600.0
801	480800.0
802	482002.0
803	483205.0
804	484410.0
805	485616.0
806	486824.0
807	488033.0
808	489244.0
809	490456.0
810	491670.0
811	492885.0
812	494102.0
813	495320.0
814	496540.0
815	497761.0
816	498984.0
817	500208.0
818	501434.0
819	502661.0
820	503890.0
821	505120.0
822	506352.0
823	507585.0
824	508820.0
825	510056.0
826	511294.0
827	512533.0
828	513774.0
829	515016.0
830	516260.0
831	517505.0
832	518752.0
833	520000.0
834	521250.0
835	522501.0
836	523754.0
837	525008.0
838	526264.0
839	527521.0
840	528780.0
841	530040.0
842	531302.0
843	532565.0
844	533830.0
845	535096.0
846	536364.0
847	537633.0
848	538904.0
849	540176.0
850	541450.0
851	542725.0
852	544002.0
853	545280.0
854	546560.0
855	547841.0
856	549124.0
857	550408.0
858	551694.0
859	552981.0
860	554270.0
861	555560.0
862	556852.0
863	558145.0
864	559440.0
865	560736.0
866	562034.0
867	563333.0
868	564634.0
869	565936.0
870	567240.0
871	568545.0
872	569852.0
873	571160.0
874	572470.0
875	573781.0
876	575094.0
877	576408.0
878	577724.0
879	579041.0
880	580360.0
881	581680.0
882	583002.0
883	584325.0
884	585650.0
885	586976.0
886	588304.0
887	589633.0
888	590964.0
889	592296.0
890	593630.0
891	594965.0
892	596302.0
893	597640.0
894	598980.0
895	600321.0
896	601664.0
897	603008.0
898	604354.0
899	605701.0
900	607050.0
901	608400.0
902	609752.0
903	611105.0
904	612460.0
905	613816.0
906	615174.0
907	616533.0
908	617894.0
909	619256.0
910	620620.0
911	621985.0
912	623352.0
913	624720.0
914	626090.0
915	627461.0
916	628834.0
917	630208.0
918	631584.0
919	632961.0
920	634340.0
921	635720.0
922	637102.0
923	638485.0
924	639870.0
925	641256.0
926	642644.0
927	644033.0
928	645424.0
929	646816.0
930	648210.0
931	649605.0
932	651002.0
933	652400.0
934	653800.0
935	655201.0
936	656604.0
937	658008.0
938	659414.0
939	660821.0
940	662230.0
941	663640.0
942	665052.0
943	666465.0
944	667880.0
945	669296.0
946	670714.0
947	672133.0
948	673554.0
949	674976.0
950	676400.0
951	677825.0
952	679252.0
953	680680.0
954	682110.0
955	683541.0
956	684974.0
957	686408.0
958	687844.0
959	689281.0
960	690720.0
961	692160.0
962	693602.0
963	695045.0
964	696490.0
965	697936.0
966	699384.0
967	700833.0
968	702284.0
969	703736.0
970	705190.0
971	706645.0
972	708102.0
973	709560.0
974	711020.0
975	712481.0
976	713944.0
977	715408.0
978	716874.0
979	718341.0
980	719810.0
981	721280.0
982	722752.0
983	724225.0
984	725700.0
985	727176.0
986	728654.0
987	730133.0
988	731614.0
989	733096.0
990	734580.0
991	736065.0
992	737552.0
993	739040.0
994	740530.0
995	742021.0
996	743514.0
997	745008.0
998	746504.0
999	748001.0
1000	749500.0
