1	0.0
2	1.0
3	0.0
4	4.0
5	6.0
6	6.0
7	9.0
8	12.0
9	12.0
10	25.0
11	29.0
12	34.0
13	39.0
14	42.0
15	53.0
16	57.0
17	61.0
18	63.0
19	67.0
20	82.0
21	64.0
22	96.0
23	77.0
24	93.0
25	86.0
26	76.0
27	78.0
28	95.0
29	118.0
30	101.0
31	148.0
32	150.0
33	131.0
34	160.0
35	165.0
36	150.0
37	121.0
38	133.0
39	150.0
40	188.0
41	162.0
42	178.0
43	194.0
44	158.0
45	190.0
46	210.0
47	154.0
48	213.0
49	217.0
50	297.0
51	164.0
52	173.0
53	180.0
54	213.0
55	185.0
56	313.0
57	270.0
58	280.0
59	166.0
60	278.0
61	196.0
62	288.0
63	276.0
64	244.0
65	285.0
66	237.0
67	297.0
68	288.0
69	305.0
70	351.0
71	316.0
72	352.0
73	330.0
74	292.0
75	307.0
76	266.0
77	352.0
78	218.0
79	355.0
80	411.0
81	368.0
82	404.0
83	335.0
84	361.0
85	376.0
86	402.0
87	340.0
88	301.0
89	400.0
90	369.0
91	388.0
92	402.0
93	381.0
94	409.0
95	433.0
96	400.0
97	441.0
98	322.0
99	391.0
100	487.0
101	397.0
102	336.0
103	444.0
104	510.0
105	466.0
106	522.0
107	515.0
108	494.0
109	486.0
110	517.0
111	501.0
112	614.0
113	443.0
114	531.0
115	514.0
116	676.0
117	518.0
118	536.0
119	473.0
120	572.0
121	546.0
122	607.0
123	559.0
124	389.0
125	496.0
126	579.0
127	575.0
128	591.0
129	573.0
130	406.0
131	519.0
132	484.0
133	581.0
134	415.0
135	416.0
136	610.0
137	588.0
138	581.0
139	458.0
140	454.0
141	543.0
142	395.0
143	647.0
144	650.0
145	602.0
146	675.0
147	616.0
148	481.0
149	676.0
150	646.0
151	627.0
152	547.0
153	685.0
154	511.0
155	609.0
156	716.0
157	510.0
158	655.0
159	722.0
160	627.0
161	502.0
162	696.0
163	452.0
164	705.0
165	651.0
166	877.0
167	775.0
168	785.0
169	541.0
170	811.0
171	716.0
172	870.0
173	667.0
174	715.0
175	622.0
176	580.0
177	691.0
178	576.0
179	691.0
180	738.0
181	566.0
182	881.0
183	595.0
184	756.0
185	772.0
186	897.0
187	877.0
188	771.0
189	608.0
190	977.0
191	743.0
192	873.0
193	848.0
194	920.0
195	866.0
196	632.0
197	871.0
198	622.0
199	890.0
200	934.0
201	937.0
202	636.0
203	937.0
204	906.0
205	920.0
206	824.0
207	653.0
208	982.0
209	673.0
210	883.0
211	740.0
212	921.0
213	887.0
214	1146.0
215	827.0
216	914.0
217	967.0
218	943.0
219	947.0
220	941.0
221	699.0
222	982.0
223	965.0
224	969.0
225	1012.0
226	1234.0
227	977.0
228	1036.0
229	881.0
230	931.0
231	1018.0
232	771.0
233	891.0
234	994.0
235	1120.0
236	1116.0
237	781.0
238	830.0
239	927.0
240	1189.0
241	921.0
242	1131.0
243	951.0
244	992.0
245	1068.0
246	1091.0
247	797.0
248	1023.0
249	778.0
250	897.0
251	992.0
252	1182.0
253	955.0
254	1419.0
255	977.0
256	1277.0
257	981.0
258	1004.0
259	1142.0
260	1356.0
261	823.0
262	1038.0
263	1158.0
264	1094.0
265	1169.0
266	907.0
267	1119.0
268	1203.0
269	1043.0
270	1091.0
271	900.0
272	1349.0
273	864.0
274	1248.0
275	1053.0
276	872.0
277	1215.0
278	1249.0
279	1090.0
280	1361.0
281	1267.0
282	1366.0
283	880.0
284	889.0
285	1226.0
286	907.0
287	1295.0
288	1394.0
289	1127.0
290	1482.0
291	1253.0
292	1306.0
293	1121.0
294	1154.0
295	980.0
296	945.0
297	1231.0
298	1408.0
299	1161.0
300	1568.0
301	1351.0
302	966.0
303	1367.0
304	1418.0
305	1326.0
306	1191.0
307	1350.0
308	1492.0
309	1177.0
310	1271.0
311	1187.0
312	1347.0
313	1201.0
314	1463.0
315	1200.0
316	1376.0
317	1422.0
318	1696.0
319	1390.0
320	1808.0
321	1231.0
322	1275.0
323	1223.0
324	1456.0
325	1462.0
326	1432.0
327	1436.0
328	1021.0
329	1062.0
330	1405.0
331	1100.0
332	1604.0
333	1479.0
334	1657.0
335	1285.0
336	1385.0
337	1293.0
338	1050.0
339	1517.0
340	1511.0
341	1297.0
342	1772.0
343	1137.0
344	1673.0
345	1531.0
346	1645.0
347	1323.0
348	1679.0
349	1327.0
350	1531.0
351	1090.0
352	1411.0
353	1116.0
354	1513.0
355	1545.0
356	1572.0
357	1593.0
358	1534.0
359	1601.0
360	1777.0
361	1381.0
362	1124.0
363	1211.0
364	1165.0
365	1694.0
366	1303.0
367	1646.0
368	1913.0
369	1407.0
370	1780.0
371	1660.0
372	1683.0
373	1675.0
374	1274.0
375	1696.0
376	1568.0
377	1697.0
378	1776.0
379	1212.0
380	1805.0
381	1760.0
382	1599.0
383	1221.0
384	1814.0
385	1222.0
386	1683.0
387	1676.0
388	1479.0
389	1485.0
390	1235.0
391	1747.0
392	1534.0
393	1644.0
394	1268.0
395	1253.0
396	1757.0
397	1256.0
398	1822.0
399	1251.0
400	1778.0
401	1571.0
402	1934.0
403	1810.0
404	1936.0
405	1930.0
406	1785.0
407	1716.0
408	1776.0
409	1340.0
410	1707.0
411	1561.0
412	2019.0
413	1380.0
414	2028.0
415	1337.0
416	1712.0
417	1583.0
418	1667.0
419	1785.0
420	2033.0
421	1883.0
422	1764.0
423	1344.0
424	1933.0
425	1861.0
426	1917.0
427	1858.0
428	1810.0
429	1874.0
430	1883.0
431	1377.0
432	1890.0
433	1804.0
434	2119.0
435	1435.0
436	2126.0
437	1962.0
438	1983.0
439	1977.0
440	1978.0
441	1396.0
442	2139.0
443	1836.0
444	2023.0
445	1931.0
446	1445.0
447	1571.0
448	2081.0
449	1727.0
450	1425.0
451	2002.0
452	1434.0
453	2037.0
454	2439.0
455	2054.0
456	2124.0
457	1462.0
458	1867.0
459	2083.0
460	1917.0
461	2053.0
462	2603.0
463	1761.0
464	2284.0
465	1482.0
466	1992.0
467	1882.0
468	2414.0
469	2126.0
470	2043.0
471	2116.0
472	2393.0
473	1682.0
474	1942.0
475	1978.0
476	1561.0
477	2139.0
478	2451.0
479	1833.0
480	2109.0
481	2174.0
482	1559.0
483	1833.0
484	1855.0
485	2167.0
486	2315.0
487	2166.0
488	1555.0
489	2271.0
490	2152.0
491	1552.0
492	2150.0
493	1869.0
494	2615.0
495	2151.0
496	1585.0
497	2205.0
498	2162.0
499	1891.0
500	2374.0
501	2391.0
502	2443.0
503	2244.0
504	2017.0
505	2449.0
506	2445.0
507	1916.0
508	2567.0
509	2053.0
510	2536.0
511	1674.0
512	2315.0
513	2019.0
514	2873.0
515	1952.0
516	2351.0
517	2309.0
518	1631.0
519	2333.0
520	2222.0
521	2296.0
522	2832.0
523	2270.0
524	3114.0
525	2357.0
526	2164.0
527	1995.0
528	2728.0
529	2371.0
530	2589.0
531	1681.0
532	1698.0
533	2266.0
534	2283.0
535	2391.0
536	2257.0
537	2439.0
538	2624.0
539	2448.0
540	2362.0
541	2131.0
542	1688.0
543	2403.0
544	2297.0
545	2065.0
546	2205.0
547	2190.0
548	2452.0
549	2492.0
550	2471.0
551	2472.0
552	2733.0
553	2422.0
554	2638.0
555	2458.0
556	1815.0
557	2127.0
558	1880.0
559	2143.0
560	1766.0
561	2519.0
562	1829.0
563	2147.0
564	1818.0
565	2503.0
566	2916.0
567	2518.0
568	2378.0
569	2165.0
570	1829.0
571	2177.0
572	2552.0
573	2661.0
574	1845.0
575	2560.0
576	2333.0
577	2181.0
578	2419.0
579	2586.0
580	2597.0
581	1863.0
582	2753.0
583	2225.0
584	2901.0
585	2235.0
586	2805.0
587	2634.0
588	1882.0
589	2552.0
590	2256.0
591	2451.0
592	2477.0
593	2651.0
594	2753.0
595	1899.0
596	1883.0
597	2653.0
598	2622.0
599	2583.0
600	2772.0
601	2679.0
602	2014.0
603	2720.0
604	2547.0
605	2755.0
606	2153.0
607	2730.0
608	2837.0
609	1929.0
610	2889.0
611	2323.0
612	2806.0
613	1939.0
614	2660.0
615	2323.0
616	2824.0
617	2838.0
618	2371.0
619	2756.0
620	1990.0
621	2349.0
622	3349.0
623	2724.0
624	3167.0
625	2383.0
626	3170.0
627	2373.0
628	2966.0
629	2009.0
630	3056.0
631	2742.0
632	2891.0
633	2417.0
634	2887.0
635	2786.0
636	3105.0
637	2801.0
638	3363.0
639	2728.0
640	3245.0
641	2425.0
642	2750.0
643	2425.0
644	3150.0
645	2701.0
646	2956.0
647	2467.0
648	2762.0
649	2451.0
650	3015.0
651	2459.0
652	2844.0
653	2081.0
654	3045.0
655	3048.0
656	3148.0
657	2947.0
658	3082.0
659	2808.0
660	2772.0
661	2957.0
662	2923.0
663	2868.0
664	2922.0
665	3008.0
666	3270.0
667	2944.0
668	2112.0
669	2543.0
670	3168.0
671	3059.0
672	3531.0
673	2971.0
674	2823.0
675	2125.0
676	3519.0
677	2821.0
678	2857.0
679	2126.0
680	3373.0
681	2978.0
682	3177.0
683	3146.0
684	3046.0
685	2830.0
686	3355.0
687	3164.0
688	3147.0
689	3081.0
690	2785.0
691	2176.0
692	3224.0
693	3126.0
694	3433.0
695	3310.0
696	2250.0
697	3119.0
698	3201.0
699	3025.0
700	3919.0
701	3030.0
702	2263.0
703	3022.0
704	3053.0
705	3147.0
706	3052.0
707	2687.0
708	3211.0
709	2671.0
710	2933.0
711	2256.0
712	3349.0
713	2338.0
714	3419.0
715	2725.0
716	3144.0
717	2705.0
718	3003.0
719	3254.0
720	3590.0
721	3199.0
722	4038.0
723	2986.0
724	3571.0
725	2323.0
726	3098.0
727	2751.0
728	3592.0
729	3002.0
730	3352.0
731	3252.0
732	3774.0
733	2799.0
734	3276.0
735	2357.0
736	3559.0
737	3243.0
738	3285.0
739	3230.0
740	3426.0
741	3289.0
742	3321.0
743	3381.0
744	3313.0
745	3316.0
746	3730.0
747	2831.0
748	3148.0
749	3227.0
750	4502.0
751	3492.0
752	3634.0
753	3388.0
754	3179.0
755	2871.0
756	3419.0
757	2395.0
758	3701.0
759	2921.0
760	3363.0
761	3290.0
762	3377.0
763	2887.0
764	2493.0
765	2433.0
766	3412.0
767	2893.0
768	3484.0
769	2945.0
770	3945.0
771	3378.0
772	3715.0
773	3477.0
774	3116.0
775	3472.0
776	3796.0
777	3200.0
778	2468.0
779	2969.0
780	2471.0
781	3319.0
782	3710.0
783	2491.0
784	3880.0
785	3527.0
786	3594.0
787	2558.0
788	3378.0
789	2494.0
790	2522.0
791	2985.0
792	3493.0
793	2580.0
794	2506.0
795	3446.0
796	4080.0
797	3388.0
798	3798.0
799	3592.0
800	2543.0
801	3721.0
802	3881.0
803	3427.0
804	3844.0
805	3347.0
806	3776.0
807	3436.0
808	3951.0
809	3160.0
810	4029.0
811	3563.0
812	3701.0
813	2557.0
814	3395.0
815	3622.0
816	2608.0
817	3663.0
818	3785.0
819	3368.0
820	3935.0
821	3627.0
822	4781.0
823	3496.0
824	3617.0
825	3706.0
826	3948.0
827	3664.0
828	4204.0
829	3135.0
830	3814.0
831	3738.0
832	3495.0
833	3241.0
834	3872.0
835	3939.0
836	3843.0
837	3163.0
838	3798.0
839	3447.0
840	3785.0
841	3334.0
842	3827.0
843	2948.0
844	3763.0
845	2656.0
846	4022.0
847	3774.0
848	3676.0
849	3207.0
850	3347.0
851	3673.0
852	4233.0
853	3819.0
854	4075.0
855	2752.0
856	3680.0
857	4079.0
858	4109.0
859	3265.0
860	3478.0
861	3854.0
862	3654.0
863	3265.0
864	3708.0
865	3279.0
866	3975.0
867	3275.0
868	4161.0
869	3899.0
870	4212.0
871	2860.0
872	4415.0
873	2772.0
874	3844.0
875	3880.0
876	4221.0
877	3598.0
878	4023.0
879	3310.0
880	3941.0
881	3355.0
882	4405.0
883	3884.0
884	2781.0
885	3954.0
886	3616.0
887	2787.0
888	4004.0
889	3919.0
890	2901.0
891	3997.0
892	4893.0
893	3991.0
894	3945.0
895	4001.0
896	3553.0
897	3407.0
898	4669.0
899	4101.0
900	2821.0
901	4055.0
902	3977.0
903	2871.0
904	4245.0
905	3730.0
906	4247.0
907	2498.0
908	4091.0
909	4026.0
910	2876.0
911	2895.0
912	4254.0
913	3541.0
914	4260.0
915	3212.0
916	3636.0
917	4092.0
918	3896.0
919	3475.0
920	3964.0
921	4037.0
922	3784.0
923	3507.0
924	3795.0
925	2899.0
926	4920.0
927	3910.0
928	2913.0
929	4155.0
930	4560.0
931	3491.0
932	3811.0
933	4166.0
934	4764.0
935	4062.0
936	4662.0
937	3575.0
938	4320.0
939	4220.0
940	4361.0
941	4278.0
942	2974.0
943	4248.0
944	4586.0
945	3551.0
946	4367.0
947	3907.0
948	3183.0
949	3018.0
950	3934.0
951	4192.0
952	4295.0
953	3603.0
954	3892.0
955	4193.0
956	4858.0
957	3637.0
958	3019.0
959	4230.0
960	5206.0
961	3631.0
962	4311.0
963	3671.0
964	3245.0
965	4083.0
966	4094.0
967	3629.0
968	4889.0
969	4321.0
970	3744.0
971	4332.0
972	4001.0
973	4164.0
974	3069.0
975	4394.0
976	4734.0
977	3719.0
978	3057.0
979	4699.0
980	4401.0
981	4331.0
982	4484.0
983	3717.0
984	4572.0
985	3699.0
986	3118.0
987	4415.0
988	5714.0
989	4405.0
990	4089.0
991	4457.0
992	3136.0
993	3763.0
994	4580.0
995	4442.0
996	4177.0
997	3767.0
998	4900.0
999	3769.0
1000	3137.0
