1	0.0
2	1.0
3	3.0
4	6.0
5	10.0
6	15.0
7	21.0
8	28.0
9	36.0
10	45.0
11	27.0
12	32.0
13	31.0
14	37.0
15	35.0
16	42.0
17	39.0
18	47.0
19	43.0
20	52.0
21	47.0
22	79.0
23	51.0
24	87.0
25	55.0
26	98.0
27	59.0
28	105.0
29	63.0
30	111.0
31	67.0
32	118.0
33	71.0
34	124.0
35	75.0
36	131.0
37	79.0
38	137.0
39	83.0
40	144.0
41	87.0
42	150.0
43	91.0
44	157.0
45	95.0
46	163.0
47	99.0
48	192.0
49	103.0
50	198.0
51	107.0
52	208.0
53	111.0
54	214.0
55	115.0
56	227.0
57	119.0
58	233.0
59	123.0
60	242.0
61	127.0
62	248.0
63	131.0
64	256.0
65	135.0
66	262.0
67	139.0
68	271.0
69	143.0
70	277.0
71	147.0
72	285.0
73	151.0
74	291.0
75	155.0
76	300.0
77	159.0
78	306.0
79	163.0
80	314.0
81	167.0
82	320.0
83	171.0
84	329.0
85	175.0
86	335.0
87	179.0
88	343.0
89	183.0
90	349.0
91	187.0
92	358.0
93	191.0
94	364.0
95	195.0
96	372.0
97	199.0
98	378.0
99	203.0
100	409.0
101	207.0
102	415.0
103	211.0
104	423.0
105	215.0
106	429.0
107	219.0
108	441.0
109	223.0
110	447.0
111	227.0
112	455.0
113	231.0
114	461.0
115	235.0
116	476.0
117	239.0
118	482.0
119	243.0
120	490.0
121	247.0
122	496.0
123	251.0
124	507.0
125	255.0
126	513.0
127	259.0
128	521.0
129	263.0
130	527.0
131	267.0
132	537.0
133	271.0
134	543.0
135	275.0
136	551.0
137	279.0
138	557.0
139	283.0
140	568.0
141	287.0
142	574.0
143	291.0
144	582.0
145	295.0
146	588.0
147	299.0
148	598.0
149	303.0
150	604.0
151	307.0
152	612.0
153	311.0
154	618.0
155	315.0
156	629.0
157	319.0
158	635.0
159	323.0
160	643.0
161	327.0
162	649.0
163	331.0
164	659.0
165	335.0
166	665.0
167	339.0
168	673.0
169	343.0
170	679.0
171	347.0
172	690.0
173	351.0
174	696.0
175	355.0
176	704.0
177	359.0
178	710.0
179	363.0
180	720.0
181	367.0
182	726.0
183	371.0
184	734.0
185	375.0
186	740.0
187	379.0
188	751.0
189	383.0
190	757.0
191	387.0
192	765.0
193	391.0
194	771.0
195	395.0
196	781.0
197	399.0
198	787.0
199	403.0
200	795.0
201	407.0
202	801.0
203	411.0
204	834.0
205	415.0
206	840.0
207	419.0
208	848.0
209	423.0
210	854.0
211	427.0
212	864.0
213	431.0
214	870.0
215	435.0
216	878.0
217	439.0
218	884.0
219	443.0
220	898.0
221	447.0
222	904.0
223	451.0
224	912.0
225	455.0
226	918.0
227	459.0
228	928.0
229	463.0
230	934.0
231	467.0
232	942.0
233	471.0
234	948.0
235	475.0
236	965.0
237	479.0
238	971.0
239	483.0
240	979.0
241	487.0
242	985.0
243	491.0
244	995.0
245	495.0
246	1001.0
247	499.0
248	1009.0
249	503.0
250	1015.0
251	507.0
252	1028.0
253	511.0
254	1034.0
255	515.0
256	1042.0
257	519.0
258	1048.0
259	523.0
260	1058.0
261	527.0
262	1064.0
263	531.0
264	1072.0
265	535.0
266	1078.0
267	539.0
268	1090.0
269	543.0
270	1096.0
271	547.0
272	1104.0
273	551.0
274	1110.0
275	555.0
276	1120.0
277	559.0
278	1126.0
279	563.0
280	1134.0
281	567.0
282	1140.0
283	571.0
284	1153.0
285	575.0
286	1159.0
287	579.0
288	1167.0
289	583.0
290	1173.0
291	587.0
292	1183.0
293	591.0
294	1189.0
295	595.0
296	1197.0
297	599.0
298	1203.0
299	603.0
300	1215.0
301	607.0
302	1221.0
303	611.0
304	1229.0
305	615.0
306	1235.0
307	619.0
308	1245.0
309	623.0
310	1251.0
311	627.0
312	1259.0
313	631.0
314	1265.0
315	635.0
316	1278.0
317	639.0
318	1284.0
319	643.0
320	1292.0
321	647.0
322	1298.0
323	651.0
324	1308.0
325	655.0
326	1314.0
327	659.0
328	1322.0
329	663.0
330	1328.0
331	667.0
332	1340.0
333	671.0
334	1346.0
335	675.0
336	1354.0
337	679.0
338	1360.0
339	683.0
340	1370.0
341	687.0
342	1376.0
343	691.0
344	1384.0
345	695.0
346	1390.0
347	699.0
348	1403.0
349	703.0
350	1409.0
351	707.0
352	1417.0
353	711.0
354	1423.0
355	715.0
356	1433.0
357	719.0
358	1439.0
359	723.0
360	1447.0
361	727.0
362	1453.0
363	731.0
364	1465.0
365	735.0
366	1471.0
367	739.0
368	1479.0
369	743.0
370	1485.0
371	747.0
372	1495.0
373	751.0
374	1501.0
375	755.0
376	1509.0
377	759.0
378	1515.0
379	763.0
380	1528.0
381	767.0
382	1534.0
383	771.0
384	1542.0
385	775.0
386	1548.0
387	779.0
388	1558.0
389	783.0
390	1564.0
391	787.0
392	1572.0
393	791.0
394	1578.0
395	795.0
396	1590.0
397	799.0
398	1596.0
399	803.0
400	1604.0
401	807.0
402	1610.0
403	811.0
404	1620.0
405	815.0
406	1626.0
407	819.0
408	1634.0
409	823.0
410	1640.0
411	827.0
412	1675.0
413	831.0
414	1681.0
415	835.0
416	1689.0
417	839.0
418	1695.0
419	843.0
420	1705.0
421	847.0
422	1711.0
423	851.0
424	1719.0
425	855.0
426	1725.0
427	859.0
428	1737.0
429	863.0
430	1743.0
431	867.0
432	1751.0
433	871.0
434	1757.0
435	875.0
436	1767.0
437	879.0
438	1773.0
439	883.0
440	1781.0
441	887.0
442	1787.0
443	891.0
444	1803.0
445	895.0
446	1809.0
447	899.0
448	1817.0
449	903.0
450	1823.0
451	907.0
452	1833.0
453	911.0
454	1839.0
455	915.0
456	1847.0
457	919.0
458	1853.0
459	923.0
460	1865.0
461	927.0
462	1871.0
463	931.0
464	1879.0
465	935.0
466	1885.0
467	939.0
468	1895.0
469	943.0
470	1901.0
471	947.0
472	1909.0
473	951.0
474	1915.0
475	955.0
476	1934.0
477	959.0
478	1940.0
479	963.0
480	1948.0
481	967.0
482	1954.0
483	971.0
484	1964.0
485	975.0
486	1970.0
487	979.0
488	1978.0
489	983.0
490	1984.0
491	987.0
492	1996.0
493	991.0
494	2002.0
495	995.0
496	2010.0
497	999.0
498	2016.0
499	1003.0
500	2026.0
501	1007.0
502	2032.0
503	1011.0
504	2040.0
505	1015.0
506	2046.0
507	1019.0
508	2061.0
509	1023.0
510	2067.0
511	1027.0
512	2075.0
513	1031.0
514	2081.0
515	1035.0
516	2091.0
517	1039.0
518	2097.0
519	1043.0
520	2105.0
521	1047.0
522	2111.0
523	1051.0
524	2123.0
525	1055.0
526	2129.0
527	1059.0
528	2137.0
529	1063.0
530	2143.0
531	1067.0
532	2153.0
533	1071.0
534	2159.0
535	1075.0
536	2167.0
537	1079.0
538	2173.0
539	1083.0
540	2187.0
541	1087.0
542	2193.0
543	1091.0
544	2201.0
545	1095.0
546	2207.0
547	1099.0
548	2217.0
549	1103.0
550	2223.0
551	1107.0
552	2231.0
553	1111.0
554	2237.0
555	1115.0
556	2249.0
557	1119.0
558	2255.0
559	1123.0
560	2263.0
561	1127.0
562	2269.0
563	1131.0
564	2279.0
565	1135.0
566	2285.0
567	1139.0
568	2293.0
569	1143.0
570	2299.0
571	1147.0
572	2314.0
573	1151.0
574	2320.0
575	1155.0
576	2328.0
577	1159.0
578	2334.0
579	1163.0
580	2344.0
581	1167.0
582	2350.0
583	1171.0
584	2358.0
585	1175.0
586	2364.0
587	1179.0
588	2376.0
589	1183.0
590	2382.0
591	1187.0
592	2390.0
593	1191.0
594	2396.0
595	1195.0
596	2406.0
597	1199.0
598	2412.0
599	1203.0
600	2420.0
601	1207.0
602	2426.0
603	1211.0
604	2440.0
605	1215.0
606	2446.0
607	1219.0
608	2454.0
609	1223.0
610	2460.0
611	1227.0
612	2470.0
613	1231.0
614	2476.0
615	1235.0
616	2484.0
617	1239.0
618	2490.0
619	1243.0
620	2502.0
621	1247.0
622	2508.0
623	1251.0
624	2516.0
625	1255.0
626	2522.0
627	1259.0
628	2532.0
629	1263.0
630	2538.0
631	1267.0
632	2546.0
633	1271.0
634	2552.0
635	1275.0
636	2567.0
637	1279.0
638	2573.0
639	1283.0
640	2581.0
641	1287.0
642	2587.0
643	1291.0
644	2597.0
645	1295.0
646	2603.0
647	1299.0
648	2611.0
649	1303.0
650	2617.0
651	1307.0
652	2629.0
653	1311.0
654	2635.0
655	1315.0
656	2643.0
657	1319.0
658	2649.0
659	1323.0
660	2659.0
661	1327.0
662	2665.0
663	1331.0
664	2673.0
665	1335.0
666	2679.0
667	1339.0
668	2693.0
669	1343.0
670	2699.0
671	1347.0
672	2707.0
673	1351.0
674	2713.0
675	1355.0
676	2723.0
677	1359.0
678	2729.0
679	1363.0
680	2737.0
681	1367.0
682	2743.0
683	1371.0
684	2755.0
685	1375.0
686	2761.0
687	1379.0
688	2769.0
689	1383.0
690	2775.0
691	1387.0
692	2785.0
693	1391.0
694	2791.0
695	1395.0
696	2799.0
697	1399.0
698	2805.0
699	1403.0
700	2820.0
701	1407.0
702	2826.0
703	1411.0
704	2834.0
705	1415.0
706	2840.0
707	1419.0
708	2850.0
709	1423.0
710	2856.0
711	1427.0
712	2864.0
713	1431.0
714	2870.0
715	1435.0
716	2882.0
717	1439.0
718	2888.0
719	1443.0
720	2896.0
721	1447.0
722	2902.0
723	1451.0
724	2912.0
725	1455.0
726	2918.0
727	1459.0
728	2926.0
729	1463.0
730	2932.0
731	1467.0
732	2946.0
733	1471.0
734	2952.0
735	1475.0
736	2960.0
737	1479.0
738	2966.0
739	1483.0
740	2976.0
741	1487.0
742	2982.0
743	1491.0
744	2990.0
745	1495.0
746	2996.0
747	1499.0
748	3008.0
749	1503.0
750	3014.0
751	1507.0
752	3022.0
753	1511.0
754	3028.0
755	1515.0
756	3038.0
757	1519.0
758	3044.0
759	1523.0
760	3052.0
761	1527.0
762	3058.0
763	1531.0
764	3073.0
765	1535.0
766	3079.0
767	1539.0
768	3087.0
769	1543.0
770	3093.0
771	1547.0
772	3103.0
773	1551.0
774	3109.0
775	1555.0
776	3117.0
777	1559.0
778	3123.0
779	1563.0
780	3135.0
781	1567.0
782	3141.0
783	1571.0
784	3149.0
785	1575.0
786	3155.0
787	1579.0
788	3165.0
789	1583.0
790	3171.0
791	1587.0
792	3179.0
793	1591.0
794	3185.0
795	1595.0
796	3199.0
797	1599.0
798	3205.0
799	1603.0
800	3213.0
801	1607.0
802	3219.0
803	1611.0
804	3229.0
805	1615.0
806	3235.0
807	1619.0
808	3243.0
809	1623.0
810	3249.0
811	1627.0
812	3261.0
813	1631.0
814	3267.0
815	1635.0
816	3275.0
817	1639.0
818	3281.0
819	1643.0
820	3291.0
821	1647.0
822	3297.0
823	1651.0
824	3305.0
825	1655.0
826	3311.0
827	1659.0
828	3348.0
829	1663.0
830	3354.0
831	1667.0
832	3362.0
833	1671.0
834	3368.0
835	1675.0
836	3378.0
837	1679.0
838	3384.0
839	1683.0
840	3392.0
841	1687.0
842	3398.0
843	1691.0
844	3410.0
845	1695.0
846	3416.0
847	1699.0
848	3424.0
849	1703.0
850	3430.0
851	1707.0
852	3440.0
853	1711.0
854	3446.0
855	1715.0
856	3454.0
857	1719.0
858	3460.0
859	1723.0
860	3474.0
861	1727.0
862	3480.0
863	1731.0
864	3488.0
865	1735.0
866	3494.0
867	1739.0
868	3504.0
869	1743.0
870	3510.0
871	1747.0
872	3518.0
873	1751.0
874	3524.0
875	1755.0
876	3536.0
877	1759.0
878	3542.0
879	1763.0
880	3550.0
881	1767.0
882	3556.0
883	1771.0
884	3566.0
885	1775.0
886	3572.0
887	1779.0
888	3580.0
889	1783.0
890	3586.0
891	1787.0
892	3604.0
893	1791.0
894	3610.0
895	1795.0
896	3618.0
897	1799.0
898	3624.0
899	1803.0
900	3634.0
901	1807.0
902	3640.0
903	1811.0
904	3648.0
905	1815.0
906	3654.0
907	1819.0
908	3666.0
909	1823.0
910	3672.0
911	1827.0
912	3680.0
913	1831.0
914	3686.0
915	1835.0
916	3696.0
917	1839.0
918	3702.0
919	1843.0
920	3710.0
921	1847.0
922	3716.0
923	1851.0
924	3730.0
925	1855.0
926	3736.0
927	1859.0
928	3744.0
929	1863.0
930	3750.0
931	1867.0
932	3760.0
933	1871.0
934	3766.0
935	1875.0
936	3774.0
937	1879.0
938	3780.0
939	1883.0
940	3792.0
941	1887.0
942	3798.0
943	1891.0
944	3806.0
945	1895.0
946	3812.0
947	1899.0
948	3822.0
949	1903.0
950	3828.0
951	1907.0
952	3836.0
953	1911.0
954	3842.0
955	1915.0
956	3863.0
957	1919.0
958	3869.0
959	1923.0
960	3877.0
961	1927.0
962	3883.0
963	1931.0
964	3893.0
965	1935.0
966	3899.0
967	1939.0
968	3907.0
969	1943.0
970	3913.0
971	1947.0
972	3925.0
973	1951.0
974	3931.0
975	1955.0
976	3939.0
977	1959.0
978	3945.0
979	1963.0
980	3955.0
981	1967.0
982	3961.0
983	1971.0
984	3969.0
985	1975.0
986	3975.0
987	1979.0
988	3989.0
989	1983.0
990	3995.0
991	1987.0
992	4003.0
993	1991.0
994	4009.0
995	1995.0
996	4019.0
997	1999.0
998	4025.0
999	2003.0
1000	4033.0
